Final Convex Hull Points:
5608
315 -100000
547 -99999
706 -99998
836 -99997
947 -99996
1048 -99995
1140 -99994
1224 -99993
1303 -99992
1377 -99991
1449 -99990
1581 -99988
1703 -99986
1760 -99985
1816 -99984
1870 -99983
1923 -99982
1974 -99981
2024 -99980
2073 -99979
2121 -99978
2168 -99977
2258 -99975
2302 -99974
2345 -99973
2428 -99971
2469 -99970
2509 -99969
2626 -99966
2664 -99965
2738 -99963
2774 -99962
2845 -99960
2915 -99958
2983 -99956
3081 -99953
3178 -99950
3209 -99949
3301 -99946
3361 -99944
3420 -99942
3507 -99939
3591 -99936
3674 -99933
3728 -99931
3807 -99928
3885 -99925
3936 -99923
4036 -99919
4085 -99917
4158 -99914
4230 -99911
4300 -99908
4392 -99904
4460 -99901
4570 -99896
4657 -99892
4721 -99889
4805 -99885
4928 -99879
5028 -99874
5087 -99871
5204 -99865
5242 -99863
5336 -99858
5411 -99854
5484 -99850
5646 -99841
5716 -99837
5854 -99829
5922 -99825
6022 -99819
6055 -99817
6218 -99807
6282 -99803
6361 -99798
6485 -99790
6546 -99786
6667 -99778
6712 -99775
6786 -99770
6830 -99767
6960 -99758
7003 -99755
7088 -99749
7186 -99742
7241 -99738
7364 -99729
7498 -99719
7538 -99716
7617 -99710
7721 -99702
7785 -99697
7836 -99693
7899 -99688
8074 -99674
8148 -99668
8197 -99664
8425 -99645
8554 -99634
8704 -99621
8738 -99618
8907 -99603
8952 -99599
9161 -99580
9226 -99574
9355 -99562
9450 -99553
9471 -99551
9565 -99542
9669 -99532
9720 -99527
9781 -99521
9892 -99510
10002 -99499
10111 -99488
10170 -99482
10219 -99477
10364 -99462
10469 -99451
10554 -99442
10704 -99426
10824 -99413
10970 -99397
11105 -99382
11256 -99365
11396 -99349
11492 -99338
11578 -99328
11638 -99321
11723 -99311
11799 -99302
11891 -99291
11966 -99282
12131 -99262
12237 -99249
12358 -99234
12454 -99222
12636 -99199
12722 -99188
12823 -99175
12961 -99157
13022 -99149
13098 -99139
13203 -99125
13345 -99106
13427 -99095
13508 -99084
13661 -99063
13726 -99054
13834 -99039
13884 -99032
13941 -99024
14047 -99009
14236 -98982
14333 -98968
14409 -98957
14532 -98939
14593 -98930
14701 -98914
14748 -98907
14835 -98894
14895 -98885
15060 -98860
15132 -98849
15275 -98827
15372 -98812
15449 -98800
15557 -98783
15671 -98765
15784 -98747
15840 -98738
16057 -98703
16155 -98687
16289 -98665
16559 -98620
16672 -98601
16813 -98577
16854 -98570
16994 -98546
17098 -98528
17207 -98509
17270 -98498
17327 -98488
17395 -98476
17457 -98465
17547 -98449
17603 -98439
17781 -98407
17875 -98390
17886 -98388
18001 -98367
18121 -98345
18148 -98340
18326 -98307
18406 -98292
18491 -98276
18544 -98266
18581 -98259
18639 -98248
18807 -98216
18901 -98198
19005 -98178
19036 -98172
19190 -98142
19348 -98111
19449 -98091
19719 -98037
19868 -98007
19937 -97993
20118 -97956
20215 -97936
20273 -97924
20465 -97884
20556 -97865
20599 -97856
20722 -97830
20755 -97823
20835 -97806
20910 -97790
20980 -97775
21045 -97761
21147 -97739
21184 -97731
21276 -97711
21363 -97692
21459 -97671
21536 -97654
21622 -97635
21784 -97599
21860 -97582
21909 -97571
22060 -97537
22223 -97500
22245 -97495
22376 -97465
22463 -97445
22610 -97411
22807 -97365
22922 -97338
22956 -97330
23011 -97317
23125 -97290
23301 -97248
23351 -97236
23434 -97216
23529 -97193
23628 -97169
23698 -97152
23743 -97141
23837 -97118
23898 -97103
23975 -97084
24064 -97062
24448 -96966
24543 -96942
24677 -96908
24767 -96885
24923 -96845
25024 -96819
25159 -96784
25232 -96765
25339 -96737
25480 -96700
25684 -96646
25729 -96634
25905 -96587
26087 -96538
26275 -96487
26498 -96426
26538 -96415
26773 -96350
26877 -96321
26963 -96297
27084 -96263
27148 -96245
27286 -96206
27367 -96183
27570 -96125
27629 -96108
27740 -96076
27792 -96061
27978 -96007
28002 -96000
28166 -95952
28224 -95935
28400 -95883
28518 -95848
28612 -95820
28802 -95763
28885 -95738
28991 -95706
29080 -95679
29175 -95650
29306 -95610
29527 -95542
29611 -95516
29743 -95475
29839 -95445
29906 -95424
30008 -95392
30062 -95375
30195 -95333
30280 -95306
30462 -95248
30596 -95205
30742 -95158
30773 -95148
30810 -95136
30890 -95110
31019 -95068
31117 -95036
31172 -95018
31233 -94998
31424 -94935
31790 -94813
31921 -94769
32066 -94720
32134 -94697
32190 -94678
32240 -94661
32284 -94646
32398 -94607
32561 -94551
32593 -94540
32732 -94492
32827 -94459
33005 -94397
33082 -94370
33139 -94350
33210 -94325
33363 -94271
33473 -94232
33563 -94200
33647 -94170
33756 -94131
33873 -94089
33970 -94054
34100 -94007
34251 -93952
34336 -93921
34388 -93902
34467 -93873
34565 -93837
34657 -93803
34776 -93759
34889 -93717
35015 -93670
35215 -93595
35329 -93552
35382 -93532
35469 -93499
35577 -93458
35747 -93393
35888 -93339
35901 -93334
36010 -93292
36085 -93263
36201 -93218
36345 -93162
36427 -93130
36585 -93068
36613 -93057
36717 -93016
36793 -92986
36904 -92942
37002 -92903
37267 -92797
37359 -92760
37436 -92729
37641 -92646
37776 -92591
37847 -92562
37869 -92553
37969 -92512
38076 -92468
38127 -92447
38335 -92361
38539 -92276
38618 -92243
38742 -92191
38882 -92132
38934 -92110
39052 -92060
39184 -92004
39266 -91969
39369 -91925
39511 -91864
39578 -91835
39638 -91809
39781 -91747
39864 -91711
39970 -91665
40046 -91632
40069 -91622
40085 -91615
40206 -91562
40306 -91518
40390 -91481
40521 -91423
40692 -91347
40878 -91264
40996 -91211
41138 -91147
41200 -91119
41295 -91076
41414 -91022
41574 -90949
41766 -90861
41879 -90809
41944 -90779
42067 -90722
42164 -90677
42237 -90643
42312 -90608
42451 -90543
42517 -90512
42600 -90473
42617 -90465
42742 -90406
42919 -90322
43129 -90222
43248 -90165
43273 -90153
43350 -90116
43487 -90050
43677 -89958
43712 -89941
43825 -89886
43956 -89822
44115 -89744
44176 -89714
44318 -89644
44435 -89586
44596 -89506
44850 -89379
45015 -89296
45116 -89245
45199 -89203
45264 -89170
45321 -89141
45433 -89084
45527 -89036
45611 -88993
45650 -88973
45687 -88954
45792 -88900
45858 -88866
46003 -88791
46109 -88736
46186 -88696
46303 -88635
46431 -88568
46471 -88547
46589 -88485
46799 -88374
46850 -88347
46931 -88304
47072 -88229
47216 -88152
47298 -88108
47391 -88058
47443 -88030
47558 -87968
47748 -87865
47792 -87841
47933 -87764
48008 -87723
48072 -87688
48125 -87659
48167 -87636
48276 -87576
48419 -87497
48520 -87441
48664 -87361
48868 -87247
48959 -87196
49016 -87164
49133 -87098
49294 -87007
49354 -86973
49449 -86919
49507 -86886
49614 -86825
49710 -86770
49832 -86700
49978 -86616
50092 -86550
50242 -86463
50316 -86420
50467 -86332
50583 -86264
50687 -86203
50804 -86134
50936 -86056
51071 -85976
51192 -85904
51301 -85839
51508 -85715
51606 -85656
51664 -85621
51793 -85543
51864 -85500
51892 -85483
51994 -85421
52171 -85313
52233 -85275
52308 -85229
52352 -85202
52534 -85090
52660 -85012
52739 -84963
52834 -84904
53058 -84764
53157 -84702
53240 -84650
53275 -84628
53375 -84565
53511 -84479
53615 -84413
53758 -84322
53902 -84230
53991 -84173
54159 -84065
54252 -84005
54368 -83930
54405 -83906
54522 -83830
54602 -83778
54723 -83699
54804 -83646
55014 -83508
55164 -83409
55229 -83366
55342 -83291
55594 -83123
55688 -83060
55761 -83011
55813 -82976
55911 -82910
55957 -82879
56034 -82827
56161 -82741
56214 -82705
56349 -82613
56431 -82557
56545 -82479
56599 -82442
56721 -82358
56837 -82278
56960 -82193
57091 -82102
57289 -81964
57429 -81866
57540 -81788
57689 -81683
57730 -81654
57850 -81569
57933 -81510
58061 -81419
58152 -81354
58247 -81286
58293 -81253
58396 -81179
58496 -81107
58604 -81029
58720 -80945
58907 -80809
59048 -80706
59115 -80657
59190 -80602
59281 -80535
59361 -80476
59476 -80391
59553 -80334
59665 -80251
59795 -80154
59945 -80042
59969 -80024
60174 -79870
60215 -79839
60285 -79786
60347 -79739
60405 -79695
60484 -79635
60555 -79581
60702 -79469
60740 -79440
60795 -79398
60914 -79307
60961 -79271
61162 -79116
61313 -78999
61443 -78898
61552 -78813
61644 -78741
61732 -78672
61816 -78606
61896 -78543
61967 -78487
62043 -78427
62110 -78374
62236 -78274
62295 -78227
62399 -78144
62559 -78016
62610 -77975
62707 -77897
62753 -77860
62794 -77827
62841 -77789
63009 -77653
63046 -77623
63126 -77558
63202 -77496
63311 -77407
63344 -77380
63416 -77321
63483 -77266
63579 -77187
63613 -77159
63739 -77055
63856 -76958
63974 -76860
64058 -76790
64137 -76724
64192 -76678
64297 -76590
64347 -76548
64423 -76484
64519 -76403
64590 -76343
64662 -76282
64708 -76243
64728 -76226
64862 -76112
64950 -76037
65117 -75894
65181 -75839
65281 -75753
65339 -75703
65398 -75652
65435 -75620
65510 -75555
65586 -75489
65678 -75409
65732 -75362
65803 -75300
65907 -75209
66006 -75122
66106 -75034
66173 -74975
66224 -74930
66320 -74845
66444 -74735
66535 -74654
66581 -74613
66656 -74546
66859 -74364
67000 -74237
67083 -74162
67232 -74027
67377 -73895
67480 -73801
67541 -73745
67590 -73700
67701 -73598
67851 -73460
67958 -73361
68040 -73285
68155 -73178
68258 -73082
68336 -73009
68368 -72979
68433 -72918
68565 -72794
68671 -72694
68745 -72624
68859 -72516
68920 -72458
68961 -72419
69071 -72314
69209 -72182
69258 -72135
69335 -72061
69363 -72034
69448 -71952
69505 -71897
69534 -71869
69598 -71807
69663 -71744
69772 -71638
69853 -71559
69897 -71516
69994 -71421
70046 -71370
70159 -71259
70227 -71192
70311 -71109
70419 -71002
70583 -70839
70839 -70583
71002 -70419
71109 -70311
71192 -70227
71259 -70159
71370 -70046
71421 -69994
71516 -69897
71559 -69853
71638 -69772
71744 -69663
71807 -69598
71869 -69534
71897 -69505
71952 -69448
72034 -69363
72061 -69335
72135 -69258
72182 -69209
72314 -69071
72419 -68961
72458 -68920
72516 -68859
72624 -68745
72694 -68671
72794 -68565
72918 -68433
72979 -68368
73009 -68336
73082 -68258
73178 -68155
73285 -68040
73361 -67958
73460 -67851
73598 -67701
73700 -67590
73745 -67541
73801 -67480
73895 -67377
74027 -67232
74162 -67083
74237 -67000
74364 -66859
74546 -66656
74613 -66581
74654 -66535
74735 -66444
74845 -66320
74930 -66224
74975 -66173
75034 -66106
75122 -66006
75209 -65907
75300 -65803
75362 -65732
75409 -65678
75489 -65586
75555 -65510
75620 -65435
75652 -65398
75703 -65339
75753 -65281
75839 -65181
75894 -65117
76037 -64950
76112 -64862
76226 -64728
76243 -64708
76282 -64662
76343 -64590
76403 -64519
76484 -64423
76548 -64347
76590 -64297
76678 -64192
76724 -64137
76790 -64058
76860 -63974
76958 -63856
77055 -63739
77159 -63613
77187 -63579
77266 -63483
77321 -63416
77380 -63344
77407 -63311
77496 -63202
77558 -63126
77623 -63046
77653 -63009
77789 -62841
77827 -62794
77860 -62753
77897 -62707
77975 -62610
78016 -62559
78144 -62399
78227 -62295
78274 -62236
78374 -62110
78427 -62043
78487 -61967
78543 -61896
78606 -61816
78672 -61732
78741 -61644
78813 -61552
78898 -61443
78999 -61313
79116 -61162
79271 -60961
79307 -60914
79398 -60795
79440 -60740
79469 -60702
79581 -60555
79635 -60484
79695 -60405
79739 -60347
79786 -60285
79839 -60215
79870 -60174
80024 -59969
80042 -59945
80154 -59795
80251 -59665
80334 -59553
80391 -59476
80476 -59361
80535 -59281
80602 -59190
80657 -59115
80706 -59048
80809 -58907
80945 -58720
81029 -58604
81107 -58496
81179 -58396
81253 -58293
81286 -58247
81354 -58152
81419 -58061
81510 -57933
81569 -57850
81654 -57730
81683 -57689
81788 -57540
81866 -57429
81964 -57289
82102 -57091
82193 -56960
82278 -56837
82358 -56721
82442 -56599
82479 -56545
82557 -56431
82613 -56349
82705 -56214
82741 -56161
82827 -56034
82879 -55957
82910 -55911
82976 -55813
83011 -55761
83060 -55688
83123 -55594
83291 -55342
83366 -55229
83409 -55164
83508 -55014
83646 -54804
83699 -54723
83778 -54602
83830 -54522
83906 -54405
83930 -54368
84005 -54252
84065 -54159
84173 -53991
84230 -53902
84322 -53758
84413 -53615
84479 -53511
84565 -53375
84628 -53275
84650 -53240
84702 -53157
84764 -53058
84904 -52834
84963 -52739
85012 -52660
85090 -52534
85202 -52352
85229 -52308
85275 -52233
85313 -52171
85421 -51994
85483 -51892
85500 -51864
85543 -51793
85621 -51664
85656 -51606
85715 -51508
85839 -51301
85904 -51192
85976 -51071
86056 -50936
86134 -50804
86203 -50687
86264 -50583
86332 -50467
86420 -50316
86463 -50242
86550 -50092
86616 -49978
86700 -49832
86770 -49710
86825 -49614
86886 -49507
86919 -49449
86973 -49354
87007 -49294
87098 -49133
87164 -49016
87196 -48959
87247 -48868
87361 -48664
87441 -48520
87497 -48419
87576 -48276
87636 -48167
87659 -48125
87688 -48072
87723 -48008
87764 -47933
87841 -47792
87865 -47748
87968 -47558
88030 -47443
88058 -47391
88108 -47298
88152 -47216
88229 -47072
88304 -46931
88347 -46850
88374 -46799
88485 -46589
88547 -46471
88568 -46431
88635 -46303
88696 -46186
88736 -46109
88791 -46003
88866 -45858
88900 -45792
88954 -45687
88973 -45650
88993 -45611
89036 -45527
89084 -45433
89141 -45321
89170 -45264
89203 -45199
89245 -45116
89296 -45015
89379 -44850
89506 -44596
89586 -44435
89644 -44318
89714 -44176
89744 -44115
89822 -43956
89886 -43825
89941 -43712
89958 -43677
90050 -43487
90116 -43350
90153 -43273
90165 -43248
90222 -43129
90322 -42919
90406 -42742
90465 -42617
90473 -42600
90512 -42517
90543 -42451
90608 -42312
90643 -42237
90677 -42164
90722 -42067
90779 -41944
90809 -41879
90861 -41766
90949 -41574
91022 -41414
91076 -41295
91119 -41200
91147 -41138
91211 -40996
91264 -40878
91347 -40692
91423 -40521
91481 -40390
91518 -40306
91562 -40206
91615 -40085
91622 -40069
91632 -40046
91665 -39970
91711 -39864
91747 -39781
91809 -39638
91835 -39578
91864 -39511
91925 -39369
91969 -39266
92004 -39184
92060 -39052
92110 -38934
92132 -38882
92191 -38742
92243 -38618
92276 -38539
92361 -38335
92447 -38127
92468 -38076
92512 -37969
92553 -37869
92562 -37847
92591 -37776
92646 -37641
92729 -37436
92760 -37359
92797 -37267
92903 -37002
92942 -36904
92986 -36793
93016 -36717
93057 -36613
93068 -36585
93130 -36427
93162 -36345
93218 -36201
93263 -36085
93292 -36010
93334 -35901
93339 -35888
93393 -35747
93458 -35577
93499 -35469
93532 -35382
93552 -35329
93595 -35215
93670 -35015
93717 -34889
93759 -34776
93803 -34657
93837 -34565
93873 -34467
93902 -34388
93921 -34336
93952 -34251
94007 -34100
94054 -33970
94089 -33873
94131 -33756
94170 -33647
94200 -33563
94232 -33473
94271 -33363
94325 -33210
94350 -33139
94370 -33082
94397 -33005
94459 -32827
94492 -32732
94540 -32593
94551 -32561
94607 -32398
94646 -32284
94661 -32240
94678 -32190
94697 -32134
94720 -32066
94769 -31921
94813 -31790
94935 -31424
94998 -31233
95018 -31172
95036 -31117
95068 -31019
95110 -30890
95136 -30810
95148 -30773
95158 -30742
95205 -30596
95248 -30462
95306 -30280
95333 -30195
95375 -30062
95392 -30008
95424 -29906
95445 -29839
95475 -29743
95516 -29611
95542 -29527
95610 -29306
95650 -29175
95679 -29080
95706 -28991
95738 -28885
95763 -28802
95820 -28612
95848 -28518
95883 -28400
95935 -28224
95952 -28166
96000 -28002
96007 -27978
96061 -27792
96076 -27740
96108 -27629
96125 -27570
96183 -27367
96206 -27286
96245 -27148
96263 -27084
96297 -26963
96321 -26877
96350 -26773
96415 -26538
96426 -26498
96487 -26275
96538 -26087
96587 -25905
96634 -25729
96646 -25684
96700 -25480
96737 -25339
96765 -25232
96784 -25159
96819 -25024
96845 -24923
96885 -24767
96908 -24677
96942 -24543
96966 -24448
97062 -24064
97084 -23975
97103 -23898
97118 -23837
97141 -23743
97152 -23698
97169 -23628
97193 -23529
97216 -23434
97236 -23351
97248 -23301
97290 -23125
97317 -23011
97330 -22956
97338 -22922
97365 -22807
97411 -22610
97445 -22463
97465 -22376
97495 -22245
97500 -22223
97537 -22060
97571 -21909
97582 -21860
97599 -21784
97635 -21622
97654 -21536
97671 -21459
97692 -21363
97711 -21276
97731 -21184
97739 -21147
97761 -21045
97775 -20980
97790 -20910
97806 -20835
97823 -20755
97830 -20722
97856 -20599
97865 -20556
97884 -20465
97924 -20273
97936 -20215
97956 -20118
97993 -19937
98007 -19868
98037 -19719
98091 -19449
98111 -19348
98142 -19190
98172 -19036
98178 -19005
98198 -18901
98216 -18807
98248 -18639
98259 -18581
98266 -18544
98276 -18491
98292 -18406
98307 -18326
98340 -18148
98345 -18121
98367 -18001
98388 -17886
98390 -17875
98407 -17781
98439 -17603
98449 -17547
98465 -17457
98476 -17395
98488 -17327
98498 -17270
98509 -17207
98528 -17098
98546 -16994
98570 -16854
98577 -16813
98601 -16672
98620 -16559
98665 -16289
98687 -16155
98703 -16057
98738 -15840
98747 -15784
98765 -15671
98783 -15557
98800 -15449
98812 -15372
98827 -15275
98849 -15132
98860 -15060
98885 -14895
98894 -14835
98907 -14748
98914 -14701
98930 -14593
98939 -14532
98957 -14409
98968 -14333
98982 -14236
99009 -14047
99024 -13941
99032 -13884
99039 -13834
99054 -13726
99063 -13661
99084 -13508
99095 -13427
99106 -13345
99125 -13203
99139 -13098
99149 -13022
99157 -12961
99175 -12823
99188 -12722
99199 -12636
99222 -12454
99234 -12358
99249 -12237
99262 -12131
99282 -11966
99291 -11891
99302 -11799
99311 -11723
99321 -11638
99328 -11578
99338 -11492
99349 -11396
99365 -11256
99382 -11105
99397 -10970
99413 -10824
99426 -10704
99442 -10554
99451 -10469
99462 -10364
99477 -10219
99482 -10170
99488 -10111
99499 -10002
99510 -9892
99521 -9781
99527 -9720
99532 -9669
99542 -9565
99551 -9471
99553 -9450
99562 -9355
99574 -9226
99580 -9161
99599 -8952
99603 -8907
99618 -8738
99621 -8704
99634 -8554
99645 -8425
99664 -8197
99668 -8148
99674 -8074
99688 -7899
99693 -7836
99697 -7785
99702 -7721
99710 -7617
99716 -7538
99719 -7498
99729 -7364
99738 -7241
99742 -7186
99749 -7088
99755 -7003
99758 -6960
99767 -6830
99770 -6786
99775 -6712
99778 -6667
99786 -6546
99790 -6485
99798 -6361
99803 -6282
99807 -6218
99817 -6055
99819 -6022
99825 -5922
99829 -5854
99837 -5716
99841 -5646
99850 -5484
99854 -5411
99858 -5336
99863 -5242
99865 -5204
99871 -5087
99874 -5028
99879 -4928
99885 -4805
99889 -4721
99892 -4657
99896 -4570
99901 -4460
99904 -4392
99908 -4300
99911 -4230
99914 -4158
99917 -4085
99919 -4036
99923 -3936
99925 -3885
99928 -3807
99931 -3728
99933 -3674
99936 -3591
99939 -3507
99942 -3420
99944 -3361
99946 -3301
99949 -3209
99950 -3178
99953 -3081
99956 -2983
99958 -2915
99960 -2845
99962 -2774
99963 -2738
99965 -2664
99966 -2626
99969 -2509
99970 -2469
99971 -2428
99973 -2345
99974 -2302
99975 -2258
99977 -2168
99978 -2121
99979 -2073
99980 -2024
99981 -1974
99982 -1923
99983 -1870
99984 -1816
99985 -1760
99986 -1703
99988 -1581
99990 -1449
99991 -1377
99992 -1303
99993 -1224
99994 -1140
99995 -1048
99996 -947
99997 -836
99998 -706
99999 -547
100000 -315
100000 315
99999 547
99998 706
99997 836
99996 947
99995 1048
99994 1140
99993 1224
99992 1303
99991 1377
99990 1449
99988 1581
99986 1703
99985 1760
99984 1816
99983 1870
99982 1923
99981 1974
99980 2024
99979 2073
99978 2121
99977 2168
99975 2258
99974 2302
99973 2345
99971 2428
99970 2469
99969 2509
99966 2626
99965 2664
99963 2738
99962 2774
99960 2845
99958 2915
99956 2983
99953 3081
99950 3178
99949 3209
99946 3301
99944 3361
99942 3420
99939 3507
99936 3591
99933 3674
99931 3728
99928 3807
99925 3885
99923 3936
99919 4036
99917 4085
99914 4158
99911 4230
99908 4300
99904 4392
99901 4460
99896 4570
99892 4657
99889 4721
99885 4805
99879 4928
99874 5028
99871 5087
99865 5204
99863 5242
99858 5336
99854 5411
99850 5484
99841 5646
99837 5716
99829 5854
99825 5922
99819 6022
99817 6055
99807 6218
99803 6282
99798 6361
99790 6485
99786 6546
99778 6667
99775 6712
99770 6786
99767 6830
99758 6960
99755 7003
99749 7088
99742 7186
99738 7241
99729 7364
99719 7498
99716 7538
99710 7617
99702 7721
99697 7785
99693 7836
99688 7899
99674 8074
99668 8148
99664 8197
99645 8425
99634 8554
99621 8704
99618 8738
99603 8907
99599 8952
99580 9161
99574 9226
99562 9355
99553 9450
99551 9471
99542 9565
99532 9669
99527 9720
99521 9781
99510 9892
99499 10002
99488 10111
99482 10170
99477 10219
99462 10364
99451 10469
99442 10554
99426 10704
99413 10824
99397 10970
99382 11105
99365 11256
99349 11396
99338 11492
99328 11578
99321 11638
99311 11723
99302 11799
99291 11891
99282 11966
99262 12131
99249 12237
99234 12358
99222 12454
99199 12636
99188 12722
99175 12823
99157 12961
99149 13022
99139 13098
99125 13203
99106 13345
99095 13427
99084 13508
99063 13661
99054 13726
99039 13834
99032 13884
99024 13941
99009 14047
98982 14236
98968 14333
98957 14409
98939 14532
98930 14593
98914 14701
98907 14748
98894 14835
98885 14895
98860 15060
98849 15132
98827 15275
98812 15372
98800 15449
98783 15557
98765 15671
98747 15784
98738 15840
98703 16057
98687 16155
98665 16289
98620 16559
98601 16672
98577 16813
98570 16854
98546 16994
98528 17098
98509 17207
98498 17270
98488 17327
98476 17395
98465 17457
98449 17547
98439 17603
98407 17781
98390 17875
98388 17886
98367 18001
98345 18121
98340 18148
98307 18326
98292 18406
98276 18491
98266 18544
98259 18581
98248 18639
98216 18807
98198 18901
98178 19005
98172 19036
98142 19190
98111 19348
98091 19449
98037 19719
98007 19868
97993 19937
97956 20118
97936 20215
97924 20273
97884 20465
97865 20556
97856 20599
97830 20722
97823 20755
97806 20835
97790 20910
97775 20980
97761 21045
97739 21147
97731 21184
97711 21276
97692 21363
97671 21459
97654 21536
97635 21622
97599 21784
97582 21860
97571 21909
97537 22060
97500 22223
97495 22245
97465 22376
97445 22463
97411 22610
97365 22807
97338 22922
97330 22956
97317 23011
97290 23125
97248 23301
97236 23351
97216 23434
97193 23529
97169 23628
97152 23698
97141 23743
97118 23837
97103 23898
97084 23975
97062 24064
96966 24448
96942 24543
96908 24677
96885 24767
96845 24923
96819 25024
96784 25159
96765 25232
96737 25339
96700 25480
96646 25684
96634 25729
96587 25905
96538 26087
96487 26275
96426 26498
96415 26538
96350 26773
96321 26877
96297 26963
96263 27084
96245 27148
96206 27286
96183 27367
96125 27570
96108 27629
96076 27740
96061 27792
96007 27978
96000 28002
95952 28166
95935 28224
95883 28400
95848 28518
95820 28612
95763 28802
95738 28885
95706 28991
95679 29080
95650 29175
95610 29306
95542 29527
95516 29611
95475 29743
95445 29839
95424 29906
95392 30008
95375 30062
95333 30195
95306 30280
95248 30462
95205 30596
95158 30742
95148 30773
95136 30810
95110 30890
95068 31019
95036 31117
95018 31172
94998 31233
94935 31424
94813 31790
94769 31921
94720 32066
94697 32134
94678 32190
94661 32240
94646 32284
94607 32398
94551 32561
94540 32593
94492 32732
94459 32827
94397 33005
94370 33082
94350 33139
94325 33210
94271 33363
94232 33473
94200 33563
94170 33647
94131 33756
94089 33873
94054 33970
94007 34100
93952 34251
93921 34336
93902 34388
93873 34467
93837 34565
93803 34657
93759 34776
93717 34889
93670 35015
93595 35215
93552 35329
93532 35382
93499 35469
93458 35577
93393 35747
93339 35888
93334 35901
93292 36010
93263 36085
93218 36201
93162 36345
93130 36427
93068 36585
93057 36613
93016 36717
92986 36793
92942 36904
92903 37002
92797 37267
92760 37359
92729 37436
92646 37641
92591 37776
92562 37847
92553 37869
92512 37969
92468 38076
92447 38127
92361 38335
92276 38539
92243 38618
92191 38742
92132 38882
92110 38934
92060 39052
92004 39184
91969 39266
91925 39369
91864 39511
91835 39578
91809 39638
91747 39781
91711 39864
91665 39970
91632 40046
91622 40069
91615 40085
91562 40206
91518 40306
91481 40390
91423 40521
91347 40692
91264 40878
91211 40996
91147 41138
91119 41200
91076 41295
91022 41414
90949 41574
90861 41766
90809 41879
90779 41944
90722 42067
90677 42164
90643 42237
90608 42312
90543 42451
90512 42517
90473 42600
90465 42617
90406 42742
90322 42919
90222 43129
90165 43248
90153 43273
90116 43350
90050 43487
89958 43677
89941 43712
89886 43825
89822 43956
89744 44115
89714 44176
89644 44318
89586 44435
89506 44596
89379 44850
89296 45015
89245 45116
89203 45199
89170 45264
89141 45321
89084 45433
89036 45527
88993 45611
88973 45650
88954 45687
88900 45792
88866 45858
88791 46003
88736 46109
88696 46186
88635 46303
88568 46431
88547 46471
88485 46589
88374 46799
88347 46850
88304 46931
88229 47072
88152 47216
88108 47298
88058 47391
88030 47443
87968 47558
87865 47748
87841 47792
87764 47933
87723 48008
87688 48072
87659 48125
87636 48167
87576 48276
87497 48419
87441 48520
87361 48664
87247 48868
87196 48959
87164 49016
87098 49133
87007 49294
86973 49354
86919 49449
86886 49507
86825 49614
86770 49710
86700 49832
86616 49978
86550 50092
86463 50242
86420 50316
86332 50467
86264 50583
86203 50687
86134 50804
86056 50936
85976 51071
85904 51192
85839 51301
85715 51508
85656 51606
85621 51664
85543 51793
85500 51864
85483 51892
85421 51994
85313 52171
85275 52233
85229 52308
85202 52352
85090 52534
85012 52660
84963 52739
84904 52834
84764 53058
84702 53157
84650 53240
84628 53275
84565 53375
84479 53511
84413 53615
84322 53758
84230 53902
84173 53991
84065 54159
84005 54252
83930 54368
83906 54405
83830 54522
83778 54602
83699 54723
83646 54804
83508 55014
83409 55164
83366 55229
83291 55342
83123 55594
83060 55688
83011 55761
82976 55813
82910 55911
82879 55957
82827 56034
82741 56161
82705 56214
82613 56349
82557 56431
82479 56545
82442 56599
82358 56721
82278 56837
82193 56960
82102 57091
81964 57289
81866 57429
81788 57540
81683 57689
81654 57730
81569 57850
81510 57933
81419 58061
81354 58152
81286 58247
81253 58293
81179 58396
81107 58496
81029 58604
80945 58720
80809 58907
80706 59048
80657 59115
80602 59190
80535 59281
80476 59361
80391 59476
80334 59553
80251 59665
80154 59795
80042 59945
80024 59969
79870 60174
79839 60215
79786 60285
79739 60347
79695 60405
79635 60484
79581 60555
79469 60702
79440 60740
79398 60795
79307 60914
79271 60961
79116 61162
78999 61313
78898 61443
78813 61552
78741 61644
78672 61732
78606 61816
78543 61896
78487 61967
78427 62043
78374 62110
78274 62236
78227 62295
78144 62399
78016 62559
77975 62610
77897 62707
77860 62753
77827 62794
77789 62841
77653 63009
77623 63046
77558 63126
77496 63202
77407 63311
77380 63344
77321 63416
77266 63483
77187 63579
77159 63613
77055 63739
76958 63856
76860 63974
76790 64058
76724 64137
76678 64192
76590 64297
76548 64347
76484 64423
76403 64519
76343 64590
76282 64662
76243 64708
76226 64728
76112 64862
76037 64950
75894 65117
75839 65181
75753 65281
75703 65339
75652 65398
75620 65435
75555 65510
75489 65586
75409 65678
75362 65732
75300 65803
75209 65907
75122 66006
75034 66106
74975 66173
74930 66224
74845 66320
74735 66444
74654 66535
74613 66581
74546 66656
74364 66859
74237 67000
74162 67083
74027 67232
73895 67377
73801 67480
73745 67541
73700 67590
73598 67701
73460 67851
73361 67958
73285 68040
73178 68155
73082 68258
73009 68336
72979 68368
72918 68433
72794 68565
72694 68671
72624 68745
72516 68859
72458 68920
72419 68961
72314 69071
72182 69209
72135 69258
72061 69335
72034 69363
71952 69448
71897 69505
71869 69534
71807 69598
71744 69663
71638 69772
71559 69853
71516 69897
71421 69994
71370 70046
71259 70159
71192 70227
71109 70311
71002 70419
70839 70583
70583 70839
70419 71002
70311 71109
70227 71192
70159 71259
70046 71370
69994 71421
69897 71516
69853 71559
69772 71638
69663 71744
69598 71807
69534 71869
69505 71897
69448 71952
69363 72034
69335 72061
69258 72135
69209 72182
69071 72314
68961 72419
68920 72458
68859 72516
68745 72624
68671 72694
68565 72794
68433 72918
68368 72979
68336 73009
68258 73082
68155 73178
68040 73285
67958 73361
67851 73460
67701 73598
67590 73700
67541 73745
67480 73801
67377 73895
67232 74027
67083 74162
67000 74237
66859 74364
66656 74546
66581 74613
66535 74654
66444 74735
66320 74845
66224 74930
66173 74975
66106 75034
66006 75122
65907 75209
65803 75300
65732 75362
65678 75409
65586 75489
65510 75555
65435 75620
65398 75652
65339 75703
65281 75753
65181 75839
65117 75894
64950 76037
64862 76112
64728 76226
64708 76243
64662 76282
64590 76343
64519 76403
64423 76484
64347 76548
64297 76590
64192 76678
64137 76724
64058 76790
63974 76860
63856 76958
63739 77055
63613 77159
63579 77187
63483 77266
63416 77321
63344 77380
63311 77407
63202 77496
63126 77558
63046 77623
63009 77653
62841 77789
62794 77827
62753 77860
62707 77897
62610 77975
62559 78016
62399 78144
62295 78227
62236 78274
62110 78374
62043 78427
61967 78487
61896 78543
61816 78606
61732 78672
61644 78741
61552 78813
61443 78898
61313 78999
61162 79116
60961 79271
60914 79307
60795 79398
60740 79440
60702 79469
60555 79581
60484 79635
60405 79695
60347 79739
60285 79786
60215 79839
60174 79870
59969 80024
59945 80042
59795 80154
59665 80251
59553 80334
59476 80391
59361 80476
59281 80535
59190 80602
59115 80657
59048 80706
58907 80809
58720 80945
58604 81029
58496 81107
58396 81179
58293 81253
58247 81286
58152 81354
58061 81419
57933 81510
57850 81569
57730 81654
57689 81683
57540 81788
57429 81866
57289 81964
57091 82102
56960 82193
56837 82278
56721 82358
56599 82442
56545 82479
56431 82557
56349 82613
56214 82705
56161 82741
56034 82827
55957 82879
55911 82910
55813 82976
55761 83011
55688 83060
55594 83123
55342 83291
55229 83366
55164 83409
55014 83508
54804 83646
54723 83699
54602 83778
54522 83830
54405 83906
54368 83930
54252 84005
54159 84065
53991 84173
53902 84230
53758 84322
53615 84413
53511 84479
53375 84565
53275 84628
53240 84650
53157 84702
53058 84764
52834 84904
52739 84963
52660 85012
52534 85090
52352 85202
52308 85229
52233 85275
52171 85313
51994 85421
51892 85483
51864 85500
51793 85543
51664 85621
51606 85656
51508 85715
51301 85839
51192 85904
51071 85976
50936 86056
50804 86134
50687 86203
50583 86264
50467 86332
50316 86420
50242 86463
50092 86550
49978 86616
49832 86700
49710 86770
49614 86825
49507 86886
49449 86919
49354 86973
49294 87007
49133 87098
49016 87164
48959 87196
48868 87247
48664 87361
48520 87441
48419 87497
48276 87576
48167 87636
48125 87659
48072 87688
48008 87723
47933 87764
47792 87841
47748 87865
47558 87968
47443 88030
47391 88058
47298 88108
47216 88152
47072 88229
46931 88304
46850 88347
46799 88374
46589 88485
46471 88547
46431 88568
46303 88635
46186 88696
46109 88736
46003 88791
45858 88866
45792 88900
45687 88954
45650 88973
45611 88993
45527 89036
45433 89084
45321 89141
45264 89170
45199 89203
45116 89245
45015 89296
44850 89379
44596 89506
44435 89586
44318 89644
44176 89714
44115 89744
43956 89822
43825 89886
43712 89941
43677 89958
43487 90050
43350 90116
43273 90153
43248 90165
43129 90222
42919 90322
42742 90406
42617 90465
42600 90473
42517 90512
42451 90543
42312 90608
42237 90643
42164 90677
42067 90722
41944 90779
41879 90809
41766 90861
41574 90949
41414 91022
41295 91076
41200 91119
41138 91147
40996 91211
40878 91264
40692 91347
40521 91423
40390 91481
40306 91518
40206 91562
40085 91615
40069 91622
40046 91632
39970 91665
39864 91711
39781 91747
39638 91809
39578 91835
39511 91864
39369 91925
39266 91969
39184 92004
39052 92060
38934 92110
38882 92132
38742 92191
38618 92243
38539 92276
38335 92361
38127 92447
38076 92468
37969 92512
37869 92553
37847 92562
37776 92591
37641 92646
37436 92729
37359 92760
37267 92797
37002 92903
36904 92942
36793 92986
36717 93016
36613 93057
36585 93068
36427 93130
36345 93162
36201 93218
36085 93263
36010 93292
35901 93334
35888 93339
35747 93393
35577 93458
35469 93499
35382 93532
35329 93552
35215 93595
35015 93670
34889 93717
34776 93759
34657 93803
34565 93837
34467 93873
34388 93902
34336 93921
34251 93952
34100 94007
33970 94054
33873 94089
33756 94131
33647 94170
33563 94200
33473 94232
33363 94271
33210 94325
33139 94350
33082 94370
33005 94397
32827 94459
32732 94492
32593 94540
32561 94551
32398 94607
32284 94646
32240 94661
32190 94678
32134 94697
32066 94720
31921 94769
31790 94813
31424 94935
31233 94998
31172 95018
31117 95036
31019 95068
30890 95110
30810 95136
30773 95148
30742 95158
30596 95205
30462 95248
30280 95306
30195 95333
30062 95375
30008 95392
29906 95424
29839 95445
29743 95475
29611 95516
29527 95542
29306 95610
29175 95650
29080 95679
28991 95706
28885 95738
28802 95763
28612 95820
28518 95848
28400 95883
28224 95935
28166 95952
28002 96000
27978 96007
27792 96061
27740 96076
27629 96108
27570 96125
27367 96183
27286 96206
27148 96245
27084 96263
26963 96297
26877 96321
26773 96350
26538 96415
26498 96426
26275 96487
26087 96538
25905 96587
25729 96634
25684 96646
25480 96700
25339 96737
25232 96765
25159 96784
25024 96819
24923 96845
24767 96885
24677 96908
24543 96942
24448 96966
24064 97062
23975 97084
23898 97103
23837 97118
23743 97141
23698 97152
23628 97169
23529 97193
23434 97216
23351 97236
23301 97248
23125 97290
23011 97317
22956 97330
22922 97338
22807 97365
22610 97411
22463 97445
22376 97465
22245 97495
22223 97500
22060 97537
21909 97571
21860 97582
21784 97599
21622 97635
21536 97654
21459 97671
21363 97692
21276 97711
21184 97731
21147 97739
21045 97761
20980 97775
20910 97790
20835 97806
20755 97823
20722 97830
20599 97856
20556 97865
20465 97884
20273 97924
20215 97936
20118 97956
19937 97993
19868 98007
19719 98037
19449 98091
19348 98111
19190 98142
19036 98172
19005 98178
18901 98198
18807 98216
18639 98248
18581 98259
18544 98266
18491 98276
18406 98292
18326 98307
18148 98340
18121 98345
18001 98367
17886 98388
17875 98390
17781 98407
17603 98439
17547 98449
17457 98465
17395 98476
17327 98488
17270 98498
17207 98509
17098 98528
16994 98546
16854 98570
16813 98577
16672 98601
16559 98620
16289 98665
16155 98687
16057 98703
15840 98738
15784 98747
15671 98765
15557 98783
15449 98800
15372 98812
15275 98827
15132 98849
15060 98860
14895 98885
14835 98894
14748 98907
14701 98914
14593 98930
14532 98939
14409 98957
14333 98968
14236 98982
14047 99009
13941 99024
13884 99032
13834 99039
13726 99054
13661 99063
13508 99084
13427 99095
13345 99106
13203 99125
13098 99139
13022 99149
12961 99157
12823 99175
12722 99188
12636 99199
12454 99222
12358 99234
12237 99249
12131 99262
11966 99282
11891 99291
11799 99302
11723 99311
11638 99321
11578 99328
11492 99338
11396 99349
11256 99365
11105 99382
10970 99397
10824 99413
10704 99426
10554 99442
10469 99451
10364 99462
10219 99477
10170 99482
10111 99488
10002 99499
9892 99510
9781 99521
9720 99527
9669 99532
9565 99542
9471 99551
9450 99553
9355 99562
9226 99574
9161 99580
8952 99599
8907 99603
8738 99618
8704 99621
8554 99634
8425 99645
8197 99664
8148 99668
8074 99674
7899 99688
7836 99693
7785 99697
7721 99702
7617 99710
7538 99716
7498 99719
7364 99729
7241 99738
7186 99742
7088 99749
7003 99755
6960 99758
6830 99767
6786 99770
6712 99775
6667 99778
6546 99786
6485 99790
6361 99798
6282 99803
6218 99807
6055 99817
6022 99819
5922 99825
5854 99829
5716 99837
5646 99841
5484 99850
5411 99854
5336 99858
5242 99863
5204 99865
5087 99871
5028 99874
4928 99879
4805 99885
4721 99889
4657 99892
4570 99896
4460 99901
4392 99904
4300 99908
4230 99911
4158 99914
4085 99917
4036 99919
3936 99923
3885 99925
3807 99928
3728 99931
3674 99933
3591 99936
3507 99939
3420 99942
3361 99944
3301 99946
3209 99949
3178 99950
3081 99953
2983 99956
2915 99958
2845 99960
2774 99962
2738 99963
2664 99965
2626 99966
2509 99969
2469 99970
2428 99971
2345 99973
2302 99974
2258 99975
2168 99977
2121 99978
2073 99979
2024 99980
1974 99981
1923 99982
1870 99983
1816 99984
1760 99985
1703 99986
1581 99988
1449 99990
1377 99991
1303 99992
1224 99993
1140 99994
1048 99995
947 99996
836 99997
706 99998
547 99999
315 100000
-315 100000
-547 99999
-706 99998
-836 99997
-947 99996
-1048 99995
-1140 99994
-1224 99993
-1303 99992
-1377 99991
-1449 99990
-1581 99988
-1703 99986
-1760 99985
-1816 99984
-1870 99983
-1923 99982
-1974 99981
-2024 99980
-2073 99979
-2121 99978
-2168 99977
-2258 99975
-2302 99974
-2345 99973
-2428 99971
-2469 99970
-2509 99969
-2626 99966
-2664 99965
-2738 99963
-2774 99962
-2845 99960
-2915 99958
-2983 99956
-3081 99953
-3178 99950
-3209 99949
-3301 99946
-3361 99944
-3420 99942
-3507 99939
-3591 99936
-3674 99933
-3728 99931
-3807 99928
-3885 99925
-3936 99923
-4036 99919
-4085 99917
-4158 99914
-4230 99911
-4300 99908
-4392 99904
-4460 99901
-4570 99896
-4657 99892
-4721 99889
-4805 99885
-4928 99879
-5028 99874
-5087 99871
-5204 99865
-5242 99863
-5336 99858
-5411 99854
-5484 99850
-5646 99841
-5716 99837
-5854 99829
-5922 99825
-6022 99819
-6055 99817
-6218 99807
-6282 99803
-6361 99798
-6485 99790
-6546 99786
-6667 99778
-6712 99775
-6786 99770
-6830 99767
-6960 99758
-7003 99755
-7088 99749
-7186 99742
-7241 99738
-7364 99729
-7498 99719
-7538 99716
-7617 99710
-7721 99702
-7785 99697
-7836 99693
-7899 99688
-8074 99674
-8148 99668
-8197 99664
-8425 99645
-8554 99634
-8704 99621
-8738 99618
-8907 99603
-8952 99599
-9161 99580
-9226 99574
-9355 99562
-9450 99553
-9471 99551
-9565 99542
-9669 99532
-9720 99527
-9781 99521
-9892 99510
-10002 99499
-10111 99488
-10170 99482
-10219 99477
-10364 99462
-10469 99451
-10554 99442
-10704 99426
-10824 99413
-10970 99397
-11105 99382
-11256 99365
-11396 99349
-11492 99338
-11578 99328
-11638 99321
-11723 99311
-11799 99302
-11891 99291
-11966 99282
-12131 99262
-12237 99249
-12358 99234
-12454 99222
-12636 99199
-12722 99188
-12823 99175
-12961 99157
-13022 99149
-13098 99139
-13203 99125
-13345 99106
-13427 99095
-13508 99084
-13661 99063
-13726 99054
-13834 99039
-13884 99032
-13941 99024
-14047 99009
-14236 98982
-14333 98968
-14409 98957
-14532 98939
-14593 98930
-14701 98914
-14748 98907
-14835 98894
-14895 98885
-15060 98860
-15132 98849
-15275 98827
-15372 98812
-15449 98800
-15557 98783
-15671 98765
-15784 98747
-15840 98738
-16057 98703
-16155 98687
-16289 98665
-16559 98620
-16672 98601
-16813 98577
-16854 98570
-16994 98546
-17098 98528
-17207 98509
-17270 98498
-17327 98488
-17395 98476
-17457 98465
-17547 98449
-17603 98439
-17781 98407
-17875 98390
-17886 98388
-18001 98367
-18121 98345
-18148 98340
-18326 98307
-18406 98292
-18491 98276
-18544 98266
-18581 98259
-18639 98248
-18807 98216
-18901 98198
-19005 98178
-19036 98172
-19190 98142
-19348 98111
-19449 98091
-19719 98037
-19868 98007
-19937 97993
-20118 97956
-20215 97936
-20273 97924
-20465 97884
-20556 97865
-20599 97856
-20722 97830
-20755 97823
-20835 97806
-20910 97790
-20980 97775
-21045 97761
-21147 97739
-21184 97731
-21276 97711
-21363 97692
-21459 97671
-21536 97654
-21622 97635
-21784 97599
-21860 97582
-21909 97571
-22060 97537
-22223 97500
-22245 97495
-22376 97465
-22463 97445
-22610 97411
-22807 97365
-22922 97338
-22956 97330
-23011 97317
-23125 97290
-23301 97248
-23351 97236
-23434 97216
-23529 97193
-23628 97169
-23698 97152
-23743 97141
-23837 97118
-23898 97103
-23975 97084
-24064 97062
-24448 96966
-24543 96942
-24677 96908
-24767 96885
-24923 96845
-25024 96819
-25159 96784
-25232 96765
-25339 96737
-25480 96700
-25684 96646
-25729 96634
-25905 96587
-26087 96538
-26275 96487
-26498 96426
-26538 96415
-26773 96350
-26877 96321
-26963 96297
-27084 96263
-27148 96245
-27286 96206
-27367 96183
-27570 96125
-27629 96108
-27740 96076
-27792 96061
-27978 96007
-28002 96000
-28166 95952
-28224 95935
-28400 95883
-28518 95848
-28612 95820
-28802 95763
-28885 95738
-28991 95706
-29080 95679
-29175 95650
-29306 95610
-29527 95542
-29611 95516
-29743 95475
-29839 95445
-29906 95424
-30008 95392
-30062 95375
-30195 95333
-30280 95306
-30462 95248
-30596 95205
-30742 95158
-30773 95148
-30810 95136
-30890 95110
-31019 95068
-31117 95036
-31172 95018
-31233 94998
-31424 94935
-31790 94813
-31921 94769
-32066 94720
-32134 94697
-32190 94678
-32240 94661
-32284 94646
-32398 94607
-32561 94551
-32593 94540
-32732 94492
-32827 94459
-33005 94397
-33082 94370
-33139 94350
-33210 94325
-33363 94271
-33473 94232
-33563 94200
-33647 94170
-33756 94131
-33873 94089
-33970 94054
-34100 94007
-34251 93952
-34336 93921
-34388 93902
-34467 93873
-34565 93837
-34657 93803
-34776 93759
-34889 93717
-35015 93670
-35215 93595
-35329 93552
-35382 93532
-35469 93499
-35577 93458
-35747 93393
-35888 93339
-35901 93334
-36010 93292
-36085 93263
-36201 93218
-36345 93162
-36427 93130
-36585 93068
-36613 93057
-36717 93016
-36793 92986
-36904 92942
-37002 92903
-37267 92797
-37359 92760
-37436 92729
-37641 92646
-37776 92591
-37847 92562
-37869 92553
-37969 92512
-38076 92468
-38127 92447
-38335 92361
-38539 92276
-38618 92243
-38742 92191
-38882 92132
-38934 92110
-39052 92060
-39184 92004
-39266 91969
-39369 91925
-39511 91864
-39578 91835
-39638 91809
-39781 91747
-39864 91711
-39970 91665
-40046 91632
-40069 91622
-40085 91615
-40206 91562
-40306 91518
-40390 91481
-40521 91423
-40692 91347
-40878 91264
-40996 91211
-41138 91147
-41200 91119
-41295 91076
-41414 91022
-41574 90949
-41766 90861
-41879 90809
-41944 90779
-42067 90722
-42164 90677
-42237 90643
-42312 90608
-42451 90543
-42517 90512
-42600 90473
-42617 90465
-42742 90406
-42919 90322
-43129 90222
-43248 90165
-43273 90153
-43350 90116
-43487 90050
-43677 89958
-43712 89941
-43825 89886
-43956 89822
-44115 89744
-44176 89714
-44318 89644
-44435 89586
-44596 89506
-44850 89379
-45015 89296
-45116 89245
-45199 89203
-45264 89170
-45321 89141
-45433 89084
-45527 89036
-45611 88993
-45650 88973
-45687 88954
-45792 88900
-45858 88866
-46003 88791
-46109 88736
-46186 88696
-46303 88635
-46431 88568
-46471 88547
-46589 88485
-46799 88374
-46850 88347
-46931 88304
-47072 88229
-47216 88152
-47298 88108
-47391 88058
-47443 88030
-47558 87968
-47748 87865
-47792 87841
-47933 87764
-48008 87723
-48072 87688
-48125 87659
-48167 87636
-48276 87576
-48419 87497
-48520 87441
-48664 87361
-48868 87247
-48959 87196
-49016 87164
-49133 87098
-49294 87007
-49354 86973
-49449 86919
-49507 86886
-49614 86825
-49710 86770
-49832 86700
-49978 86616
-50092 86550
-50242 86463
-50316 86420
-50467 86332
-50583 86264
-50687 86203
-50804 86134
-50936 86056
-51071 85976
-51192 85904
-51301 85839
-51508 85715
-51606 85656
-51664 85621
-51793 85543
-51864 85500
-51892 85483
-51994 85421
-52171 85313
-52233 85275
-52308 85229
-52352 85202
-52534 85090
-52660 85012
-52739 84963
-52834 84904
-53058 84764
-53157 84702
-53240 84650
-53275 84628
-53375 84565
-53511 84479
-53615 84413
-53758 84322
-53902 84230
-53991 84173
-54159 84065
-54252 84005
-54368 83930
-54405 83906
-54522 83830
-54602 83778
-54723 83699
-54804 83646
-55014 83508
-55164 83409
-55229 83366
-55342 83291
-55594 83123
-55688 83060
-55761 83011
-55813 82976
-55911 82910
-55957 82879
-56034 82827
-56161 82741
-56214 82705
-56349 82613
-56431 82557
-56545 82479
-56599 82442
-56721 82358
-56837 82278
-56960 82193
-57091 82102
-57289 81964
-57429 81866
-57540 81788
-57689 81683
-57730 81654
-57850 81569
-57933 81510
-58061 81419
-58152 81354
-58247 81286
-58293 81253
-58396 81179
-58496 81107
-58604 81029
-58720 80945
-58907 80809
-59048 80706
-59115 80657
-59190 80602
-59281 80535
-59361 80476
-59476 80391
-59553 80334
-59665 80251
-59795 80154
-59945 80042
-59969 80024
-60174 79870
-60215 79839
-60285 79786
-60347 79739
-60405 79695
-60484 79635
-60555 79581
-60702 79469
-60740 79440
-60795 79398
-60914 79307
-60961 79271
-61162 79116
-61313 78999
-61443 78898
-61552 78813
-61644 78741
-61732 78672
-61816 78606
-61896 78543
-61967 78487
-62043 78427
-62110 78374
-62236 78274
-62295 78227
-62399 78144
-62559 78016
-62610 77975
-62707 77897
-62753 77860
-62794 77827
-62841 77789
-63009 77653
-63046 77623
-63126 77558
-63202 77496
-63311 77407
-63344 77380
-63416 77321
-63483 77266
-63579 77187
-63613 77159
-63739 77055
-63856 76958
-63974 76860
-64058 76790
-64137 76724
-64192 76678
-64297 76590
-64347 76548
-64423 76484
-64519 76403
-64590 76343
-64662 76282
-64708 76243
-64728 76226
-64862 76112
-64950 76037
-65117 75894
-65181 75839
-65281 75753
-65339 75703
-65398 75652
-65435 75620
-65510 75555
-65586 75489
-65678 75409
-65732 75362
-65803 75300
-65907 75209
-66006 75122
-66106 75034
-66173 74975
-66224 74930
-66320 74845
-66444 74735
-66535 74654
-66581 74613
-66656 74546
-66859 74364
-67000 74237
-67083 74162
-67232 74027
-67377 73895
-67480 73801
-67541 73745
-67590 73700
-67701 73598
-67851 73460
-67958 73361
-68040 73285
-68155 73178
-68258 73082
-68336 73009
-68368 72979
-68433 72918
-68565 72794
-68671 72694
-68745 72624
-68859 72516
-68920 72458
-68961 72419
-69071 72314
-69209 72182
-69258 72135
-69335 72061
-69363 72034
-69448 71952
-69505 71897
-69534 71869
-69598 71807
-69663 71744
-69772 71638
-69853 71559
-69897 71516
-69994 71421
-70046 71370
-70159 71259
-70227 71192
-70311 71109
-70419 71002
-70583 70839
-70839 70583
-71002 70419
-71109 70311
-71192 70227
-71259 70159
-71370 70046
-71421 69994
-71516 69897
-71559 69853
-71638 69772
-71744 69663
-71807 69598
-71869 69534
-71897 69505
-71952 69448
-72034 69363
-72061 69335
-72135 69258
-72182 69209
-72314 69071
-72419 68961
-72458 68920
-72516 68859
-72624 68745
-72694 68671
-72794 68565
-72918 68433
-72979 68368
-73009 68336
-73082 68258
-73178 68155
-73285 68040
-73361 67958
-73460 67851
-73598 67701
-73700 67590
-73745 67541
-73801 67480
-73895 67377
-74027 67232
-74162 67083
-74237 67000
-74364 66859
-74546 66656
-74613 66581
-74654 66535
-74735 66444
-74845 66320
-74930 66224
-74975 66173
-75034 66106
-75122 66006
-75209 65907
-75300 65803
-75362 65732
-75409 65678
-75489 65586
-75555 65510
-75620 65435
-75652 65398
-75703 65339
-75753 65281
-75839 65181
-75894 65117
-76037 64950
-76112 64862
-76226 64728
-76243 64708
-76282 64662
-76343 64590
-76403 64519
-76484 64423
-76548 64347
-76590 64297
-76678 64192
-76724 64137
-76790 64058
-76860 63974
-76958 63856
-77055 63739
-77159 63613
-77187 63579
-77266 63483
-77321 63416
-77380 63344
-77407 63311
-77496 63202
-77558 63126
-77623 63046
-77653 63009
-77789 62841
-77827 62794
-77860 62753
-77897 62707
-77975 62610
-78016 62559
-78144 62399
-78227 62295
-78274 62236
-78374 62110
-78427 62043
-78487 61967
-78543 61896
-78606 61816
-78672 61732
-78741 61644
-78813 61552
-78898 61443
-78999 61313
-79116 61162
-79271 60961
-79307 60914
-79398 60795
-79440 60740
-79469 60702
-79581 60555
-79635 60484
-79695 60405
-79739 60347
-79786 60285
-79839 60215
-79870 60174
-80024 59969
-80042 59945
-80154 59795
-80251 59665
-80334 59553
-80391 59476
-80476 59361
-80535 59281
-80602 59190
-80657 59115
-80706 59048
-80809 58907
-80945 58720
-81029 58604
-81107 58496
-81179 58396
-81253 58293
-81286 58247
-81354 58152
-81419 58061
-81510 57933
-81569 57850
-81654 57730
-81683 57689
-81788 57540
-81866 57429
-81964 57289
-82102 57091
-82193 56960
-82278 56837
-82358 56721
-82442 56599
-82479 56545
-82557 56431
-82613 56349
-82705 56214
-82741 56161
-82827 56034
-82879 55957
-82910 55911
-82976 55813
-83011 55761
-83060 55688
-83123 55594
-83291 55342
-83366 55229
-83409 55164
-83508 55014
-83646 54804
-83699 54723
-83778 54602
-83830 54522
-83906 54405
-83930 54368
-84005 54252
-84065 54159
-84173 53991
-84230 53902
-84322 53758
-84413 53615
-84479 53511
-84565 53375
-84628 53275
-84650 53240
-84702 53157
-84764 53058
-84904 52834
-84963 52739
-85012 52660
-85090 52534
-85202 52352
-85229 52308
-85275 52233
-85313 52171
-85421 51994
-85483 51892
-85500 51864
-85543 51793
-85621 51664
-85656 51606
-85715 51508
-85839 51301
-85904 51192
-85976 51071
-86056 50936
-86134 50804
-86203 50687
-86264 50583
-86332 50467
-86420 50316
-86463 50242
-86550 50092
-86616 49978
-86700 49832
-86770 49710
-86825 49614
-86886 49507
-86919 49449
-86973 49354
-87007 49294
-87098 49133
-87164 49016
-87196 48959
-87247 48868
-87361 48664
-87441 48520
-87497 48419
-87576 48276
-87636 48167
-87659 48125
-87688 48072
-87723 48008
-87764 47933
-87841 47792
-87865 47748
-87968 47558
-88030 47443
-88058 47391
-88108 47298
-88152 47216
-88229 47072
-88304 46931
-88347 46850
-88374 46799
-88485 46589
-88547 46471
-88568 46431
-88635 46303
-88696 46186
-88736 46109
-88791 46003
-88866 45858
-88900 45792
-88954 45687
-88973 45650
-88993 45611
-89036 45527
-89084 45433
-89141 45321
-89170 45264
-89203 45199
-89245 45116
-89296 45015
-89379 44850
-89506 44596
-89586 44435
-89644 44318
-89714 44176
-89744 44115
-89822 43956
-89886 43825
-89941 43712
-89958 43677
-90050 43487
-90116 43350
-90153 43273
-90165 43248
-90222 43129
-90322 42919
-90406 42742
-90465 42617
-90473 42600
-90512 42517
-90543 42451
-90608 42312
-90643 42237
-90677 42164
-90722 42067
-90779 41944
-90809 41879
-90861 41766
-90949 41574
-91022 41414
-91076 41295
-91119 41200
-91147 41138
-91211 40996
-91264 40878
-91347 40692
-91423 40521
-91481 40390
-91518 40306
-91562 40206
-91615 40085
-91622 40069
-91632 40046
-91665 39970
-91711 39864
-91747 39781
-91809 39638
-91835 39578
-91864 39511
-91925 39369
-91969 39266
-92004 39184
-92060 39052
-92110 38934
-92132 38882
-92191 38742
-92243 38618
-92276 38539
-92361 38335
-92447 38127
-92468 38076
-92512 37969
-92553 37869
-92562 37847
-92591 37776
-92646 37641
-92729 37436
-92760 37359
-92797 37267
-92903 37002
-92942 36904
-92986 36793
-93016 36717
-93057 36613
-93068 36585
-93130 36427
-93162 36345
-93218 36201
-93263 36085
-93292 36010
-93334 35901
-93339 35888
-93393 35747
-93458 35577
-93499 35469
-93532 35382
-93552 35329
-93595 35215
-93670 35015
-93717 34889
-93759 34776
-93803 34657
-93837 34565
-93873 34467
-93902 34388
-93921 34336
-93952 34251
-94007 34100
-94054 33970
-94089 33873
-94131 33756
-94170 33647
-94200 33563
-94232 33473
-94271 33363
-94325 33210
-94350 33139
-94370 33082
-94397 33005
-94459 32827
-94492 32732
-94540 32593
-94551 32561
-94607 32398
-94646 32284
-94661 32240
-94678 32190
-94697 32134
-94720 32066
-94769 31921
-94813 31790
-94935 31424
-94998 31233
-95018 31172
-95036 31117
-95068 31019
-95110 30890
-95136 30810
-95148 30773
-95158 30742
-95205 30596
-95248 30462
-95306 30280
-95333 30195
-95375 30062
-95392 30008
-95424 29906
-95445 29839
-95475 29743
-95516 29611
-95542 29527
-95610 29306
-95650 29175
-95679 29080
-95706 28991
-95738 28885
-95763 28802
-95820 28612
-95848 28518
-95883 28400
-95935 28224
-95952 28166
-96000 28002
-96007 27978
-96061 27792
-96076 27740
-96108 27629
-96125 27570
-96183 27367
-96206 27286
-96245 27148
-96263 27084
-96297 26963
-96321 26877
-96350 26773
-96415 26538
-96426 26498
-96487 26275
-96538 26087
-96587 25905
-96634 25729
-96646 25684
-96700 25480
-96737 25339
-96765 25232
-96784 25159
-96819 25024
-96845 24923
-96885 24767
-96908 24677
-96942 24543
-96966 24448
-97062 24064
-97084 23975
-97103 23898
-97118 23837
-97141 23743
-97152 23698
-97169 23628
-97193 23529
-97216 23434
-97236 23351
-97248 23301
-97290 23125
-97317 23011
-97330 22956
-97338 22922
-97365 22807
-97411 22610
-97445 22463
-97465 22376
-97495 22245
-97500 22223
-97537 22060
-97571 21909
-97582 21860
-97599 21784
-97635 21622
-97654 21536
-97671 21459
-97692 21363
-97711 21276
-97731 21184
-97739 21147
-97761 21045
-97775 20980
-97790 20910
-97806 20835
-97823 20755
-97830 20722
-97856 20599
-97865 20556
-97884 20465
-97924 20273
-97936 20215
-97956 20118
-97993 19937
-98007 19868
-98037 19719
-98091 19449
-98111 19348
-98142 19190
-98172 19036
-98178 19005
-98198 18901
-98216 18807
-98248 18639
-98259 18581
-98266 18544
-98276 18491
-98292 18406
-98307 18326
-98340 18148
-98345 18121
-98367 18001
-98388 17886
-98390 17875
-98407 17781
-98439 17603
-98449 17547
-98465 17457
-98476 17395
-98488 17327
-98498 17270
-98509 17207
-98528 17098
-98546 16994
-98570 16854
-98577 16813
-98601 16672
-98620 16559
-98665 16289
-98687 16155
-98703 16057
-98738 15840
-98747 15784
-98765 15671
-98783 15557
-98800 15449
-98812 15372
-98827 15275
-98849 15132
-98860 15060
-98885 14895
-98894 14835
-98907 14748
-98914 14701
-98930 14593
-98939 14532
-98957 14409
-98968 14333
-98982 14236
-99009 14047
-99024 13941
-99032 13884
-99039 13834
-99054 13726
-99063 13661
-99084 13508
-99095 13427
-99106 13345
-99125 13203
-99139 13098
-99149 13022
-99157 12961
-99175 12823
-99188 12722
-99199 12636
-99222 12454
-99234 12358
-99249 12237
-99262 12131
-99282 11966
-99291 11891
-99302 11799
-99311 11723
-99321 11638
-99328 11578
-99338 11492
-99349 11396
-99365 11256
-99382 11105
-99397 10970
-99413 10824
-99426 10704
-99442 10554
-99451 10469
-99462 10364
-99477 10219
-99482 10170
-99488 10111
-99499 10002
-99510 9892
-99521 9781
-99527 9720
-99532 9669
-99542 9565
-99551 9471
-99553 9450
-99562 9355
-99574 9226
-99580 9161
-99599 8952
-99603 8907
-99618 8738
-99621 8704
-99634 8554
-99645 8425
-99664 8197
-99668 8148
-99674 8074
-99688 7899
-99693 7836
-99697 7785
-99702 7721
-99710 7617
-99716 7538
-99719 7498
-99729 7364
-99738 7241
-99742 7186
-99749 7088
-99755 7003
-99758 6960
-99767 6830
-99770 6786
-99775 6712
-99778 6667
-99786 6546
-99790 6485
-99798 6361
-99803 6282
-99807 6218
-99817 6055
-99819 6022
-99825 5922
-99829 5854
-99837 5716
-99841 5646
-99850 5484
-99854 5411
-99858 5336
-99863 5242
-99865 5204
-99871 5087
-99874 5028
-99879 4928
-99885 4805
-99889 4721
-99892 4657
-99896 4570
-99901 4460
-99904 4392
-99908 4300
-99911 4230
-99914 4158
-99917 4085
-99919 4036
-99923 3936
-99925 3885
-99928 3807
-99931 3728
-99933 3674
-99936 3591
-99939 3507
-99942 3420
-99944 3361
-99946 3301
-99949 3209
-99950 3178
-99953 3081
-99956 2983
-99958 2915
-99960 2845
-99962 2774
-99963 2738
-99965 2664
-99966 2626
-99969 2509
-99970 2469
-99971 2428
-99973 2345
-99974 2302
-99975 2258
-99977 2168
-99978 2121
-99979 2073
-99980 2024
-99981 1974
-99982 1923
-99983 1870
-99984 1816
-99985 1760
-99986 1703
-99988 1581
-99990 1449
-99991 1377
-99992 1303
-99993 1224
-99994 1140
-99995 1048
-99996 947
-99997 836
-99998 706
-99999 547
-100000 315
-100000 -315
-99999 -547
-99998 -706
-99997 -836
-99996 -947
-99995 -1048
-99994 -1140
-99993 -1224
-99992 -1303
-99991 -1377
-99990 -1449
-99988 -1581
-99986 -1703
-99985 -1760
-99984 -1816
-99983 -1870
-99982 -1923
-99981 -1974
-99980 -2024
-99979 -2073
-99978 -2121
-99977 -2168
-99975 -2258
-99974 -2302
-99973 -2345
-99971 -2428
-99970 -2469
-99969 -2509
-99966 -2626
-99965 -2664
-99963 -2738
-99962 -2774
-99960 -2845
-99958 -2915
-99956 -2983
-99953 -3081
-99950 -3178
-99949 -3209
-99946 -3301
-99944 -3361
-99942 -3420
-99939 -3507
-99936 -3591
-99933 -3674
-99931 -3728
-99928 -3807
-99925 -3885
-99923 -3936
-99919 -4036
-99917 -4085
-99914 -4158
-99911 -4230
-99908 -4300
-99904 -4392
-99901 -4460
-99896 -4570
-99892 -4657
-99889 -4721
-99885 -4805
-99879 -4928
-99874 -5028
-99871 -5087
-99865 -5204
-99863 -5242
-99858 -5336
-99854 -5411
-99850 -5484
-99841 -5646
-99837 -5716
-99829 -5854
-99825 -5922
-99819 -6022
-99817 -6055
-99807 -6218
-99803 -6282
-99798 -6361
-99790 -6485
-99786 -6546
-99778 -6667
-99775 -6712
-99770 -6786
-99767 -6830
-99758 -6960
-99755 -7003
-99749 -7088
-99742 -7186
-99738 -7241
-99729 -7364
-99719 -7498
-99716 -7538
-99710 -7617
-99702 -7721
-99697 -7785
-99693 -7836
-99688 -7899
-99674 -8074
-99668 -8148
-99664 -8197
-99645 -8425
-99634 -8554
-99621 -8704
-99618 -8738
-99603 -8907
-99599 -8952
-99580 -9161
-99574 -9226
-99562 -9355
-99553 -9450
-99551 -9471
-99542 -9565
-99532 -9669
-99527 -9720
-99521 -9781
-99510 -9892
-99499 -10002
-99488 -10111
-99482 -10170
-99477 -10219
-99462 -10364
-99451 -10469
-99442 -10554
-99426 -10704
-99413 -10824
-99397 -10970
-99382 -11105
-99365 -11256
-99349 -11396
-99338 -11492
-99328 -11578
-99321 -11638
-99311 -11723
-99302 -11799
-99291 -11891
-99282 -11966
-99262 -12131
-99249 -12237
-99234 -12358
-99222 -12454
-99199 -12636
-99188 -12722
-99175 -12823
-99157 -12961
-99149 -13022
-99139 -13098
-99125 -13203
-99106 -13345
-99095 -13427
-99084 -13508
-99063 -13661
-99054 -13726
-99039 -13834
-99032 -13884
-99024 -13941
-99009 -14047
-98982 -14236
-98968 -14333
-98957 -14409
-98939 -14532
-98930 -14593
-98914 -14701
-98907 -14748
-98894 -14835
-98885 -14895
-98860 -15060
-98849 -15132
-98827 -15275
-98812 -15372
-98800 -15449
-98783 -15557
-98765 -15671
-98747 -15784
-98738 -15840
-98703 -16057
-98687 -16155
-98665 -16289
-98620 -16559
-98601 -16672
-98577 -16813
-98570 -16854
-98546 -16994
-98528 -17098
-98509 -17207
-98498 -17270
-98488 -17327
-98476 -17395
-98465 -17457
-98449 -17547
-98439 -17603
-98407 -17781
-98390 -17875
-98388 -17886
-98367 -18001
-98345 -18121
-98340 -18148
-98307 -18326
-98292 -18406
-98276 -18491
-98266 -18544
-98259 -18581
-98248 -18639
-98216 -18807
-98198 -18901
-98178 -19005
-98172 -19036
-98142 -19190
-98111 -19348
-98091 -19449
-98037 -19719
-98007 -19868
-97993 -19937
-97956 -20118
-97936 -20215
-97924 -20273
-97884 -20465
-97865 -20556
-97856 -20599
-97830 -20722
-97823 -20755
-97806 -20835
-97790 -20910
-97775 -20980
-97761 -21045
-97739 -21147
-97731 -21184
-97711 -21276
-97692 -21363
-97671 -21459
-97654 -21536
-97635 -21622
-97599 -21784
-97582 -21860
-97571 -21909
-97537 -22060
-97500 -22223
-97495 -22245
-97465 -22376
-97445 -22463
-97411 -22610
-97365 -22807
-97338 -22922
-97330 -22956
-97317 -23011
-97290 -23125
-97248 -23301
-97236 -23351
-97216 -23434
-97193 -23529
-97169 -23628
-97152 -23698
-97141 -23743
-97118 -23837
-97103 -23898
-97084 -23975
-97062 -24064
-96966 -24448
-96942 -24543
-96908 -24677
-96885 -24767
-96845 -24923
-96819 -25024
-96784 -25159
-96765 -25232
-96737 -25339
-96700 -25480
-96646 -25684
-96634 -25729
-96587 -25905
-96538 -26087
-96487 -26275
-96426 -26498
-96415 -26538
-96350 -26773
-96321 -26877
-96297 -26963
-96263 -27084
-96245 -27148
-96206 -27286
-96183 -27367
-96125 -27570
-96108 -27629
-96076 -27740
-96061 -27792
-96007 -27978
-96000 -28002
-95952 -28166
-95935 -28224
-95883 -28400
-95848 -28518
-95820 -28612
-95763 -28802
-95738 -28885
-95706 -28991
-95679 -29080
-95650 -29175
-95610 -29306
-95542 -29527
-95516 -29611
-95475 -29743
-95445 -29839
-95424 -29906
-95392 -30008
-95375 -30062
-95333 -30195
-95306 -30280
-95248 -30462
-95205 -30596
-95158 -30742
-95148 -30773
-95136 -30810
-95110 -30890
-95068 -31019
-95036 -31117
-95018 -31172
-94998 -31233
-94935 -31424
-94813 -31790
-94769 -31921
-94720 -32066
-94697 -32134
-94678 -32190
-94661 -32240
-94646 -32284
-94607 -32398
-94551 -32561
-94540 -32593
-94492 -32732
-94459 -32827
-94397 -33005
-94370 -33082
-94350 -33139
-94325 -33210
-94271 -33363
-94232 -33473
-94200 -33563
-94170 -33647
-94131 -33756
-94089 -33873
-94054 -33970
-94007 -34100
-93952 -34251
-93921 -34336
-93902 -34388
-93873 -34467
-93837 -34565
-93803 -34657
-93759 -34776
-93717 -34889
-93670 -35015
-93595 -35215
-93552 -35329
-93532 -35382
-93499 -35469
-93458 -35577
-93393 -35747
-93339 -35888
-93334 -35901
-93292 -36010
-93263 -36085
-93218 -36201
-93162 -36345
-93130 -36427
-93068 -36585
-93057 -36613
-93016 -36717
-92986 -36793
-92942 -36904
-92903 -37002
-92797 -37267
-92760 -37359
-92729 -37436
-92646 -37641
-92591 -37776
-92562 -37847
-92553 -37869
-92512 -37969
-92468 -38076
-92447 -38127
-92361 -38335
-92276 -38539
-92243 -38618
-92191 -38742
-92132 -38882
-92110 -38934
-92060 -39052
-92004 -39184
-91969 -39266
-91925 -39369
-91864 -39511
-91835 -39578
-91809 -39638
-91747 -39781
-91711 -39864
-91665 -39970
-91632 -40046
-91622 -40069
-91615 -40085
-91562 -40206
-91518 -40306
-91481 -40390
-91423 -40521
-91347 -40692
-91264 -40878
-91211 -40996
-91147 -41138
-91119 -41200
-91076 -41295
-91022 -41414
-90949 -41574
-90861 -41766
-90809 -41879
-90779 -41944
-90722 -42067
-90677 -42164
-90643 -42237
-90608 -42312
-90543 -42451
-90512 -42517
-90473 -42600
-90465 -42617
-90406 -42742
-90322 -42919
-90222 -43129
-90165 -43248
-90153 -43273
-90116 -43350
-90050 -43487
-89958 -43677
-89941 -43712
-89886 -43825
-89822 -43956
-89744 -44115
-89714 -44176
-89644 -44318
-89586 -44435
-89506 -44596
-89379 -44850
-89296 -45015
-89245 -45116
-89203 -45199
-89170 -45264
-89141 -45321
-89084 -45433
-89036 -45527
-88993 -45611
-88973 -45650
-88954 -45687
-88900 -45792
-88866 -45858
-88791 -46003
-88736 -46109
-88696 -46186
-88635 -46303
-88568 -46431
-88547 -46471
-88485 -46589
-88374 -46799
-88347 -46850
-88304 -46931
-88229 -47072
-88152 -47216
-88108 -47298
-88058 -47391
-88030 -47443
-87968 -47558
-87865 -47748
-87841 -47792
-87764 -47933
-87723 -48008
-87688 -48072
-87659 -48125
-87636 -48167
-87576 -48276
-87497 -48419
-87441 -48520
-87361 -48664
-87247 -48868
-87196 -48959
-87164 -49016
-87098 -49133
-87007 -49294
-86973 -49354
-86919 -49449
-86886 -49507
-86825 -49614
-86770 -49710
-86700 -49832
-86616 -49978
-86550 -50092
-86463 -50242
-86420 -50316
-86332 -50467
-86264 -50583
-86203 -50687
-86134 -50804
-86056 -50936
-85976 -51071
-85904 -51192
-85839 -51301
-85715 -51508
-85656 -51606
-85621 -51664
-85543 -51793
-85500 -51864
-85483 -51892
-85421 -51994
-85313 -52171
-85275 -52233
-85229 -52308
-85202 -52352
-85090 -52534
-85012 -52660
-84963 -52739
-84904 -52834
-84764 -53058
-84702 -53157
-84650 -53240
-84628 -53275
-84565 -53375
-84479 -53511
-84413 -53615
-84322 -53758
-84230 -53902
-84173 -53991
-84065 -54159
-84005 -54252
-83930 -54368
-83906 -54405
-83830 -54522
-83778 -54602
-83699 -54723
-83646 -54804
-83508 -55014
-83409 -55164
-83366 -55229
-83291 -55342
-83123 -55594
-83060 -55688
-83011 -55761
-82976 -55813
-82910 -55911
-82879 -55957
-82827 -56034
-82741 -56161
-82705 -56214
-82613 -56349
-82557 -56431
-82479 -56545
-82442 -56599
-82358 -56721
-82278 -56837
-82193 -56960
-82102 -57091
-81964 -57289
-81866 -57429
-81788 -57540
-81683 -57689
-81654 -57730
-81569 -57850
-81510 -57933
-81419 -58061
-81354 -58152
-81286 -58247
-81253 -58293
-81179 -58396
-81107 -58496
-81029 -58604
-80945 -58720
-80809 -58907
-80706 -59048
-80657 -59115
-80602 -59190
-80535 -59281
-80476 -59361
-80391 -59476
-80334 -59553
-80251 -59665
-80154 -59795
-80042 -59945
-80024 -59969
-79870 -60174
-79839 -60215
-79786 -60285
-79739 -60347
-79695 -60405
-79635 -60484
-79581 -60555
-79469 -60702
-79440 -60740
-79398 -60795
-79307 -60914
-79271 -60961
-79116 -61162
-78999 -61313
-78898 -61443
-78813 -61552
-78741 -61644
-78672 -61732
-78606 -61816
-78543 -61896
-78487 -61967
-78427 -62043
-78374 -62110
-78274 -62236
-78227 -62295
-78144 -62399
-78016 -62559
-77975 -62610
-77897 -62707
-77860 -62753
-77827 -62794
-77789 -62841
-77653 -63009
-77623 -63046
-77558 -63126
-77496 -63202
-77407 -63311
-77380 -63344
-77321 -63416
-77266 -63483
-77187 -63579
-77159 -63613
-77055 -63739
-76958 -63856
-76860 -63974
-76790 -64058
-76724 -64137
-76678 -64192
-76590 -64297
-76548 -64347
-76484 -64423
-76403 -64519
-76343 -64590
-76282 -64662
-76243 -64708
-76226 -64728
-76112 -64862
-76037 -64950
-75894 -65117
-75839 -65181
-75753 -65281
-75703 -65339
-75652 -65398
-75620 -65435
-75555 -65510
-75489 -65586
-75409 -65678
-75362 -65732
-75300 -65803
-75209 -65907
-75122 -66006
-75034 -66106
-74975 -66173
-74930 -66224
-74845 -66320
-74735 -66444
-74654 -66535
-74613 -66581
-74546 -66656
-74364 -66859
-74237 -67000
-74162 -67083
-74027 -67232
-73895 -67377
-73801 -67480
-73745 -67541
-73700 -67590
-73598 -67701
-73460 -67851
-73361 -67958
-73285 -68040
-73178 -68155
-73082 -68258
-73009 -68336
-72979 -68368
-72918 -68433
-72794 -68565
-72694 -68671
-72624 -68745
-72516 -68859
-72458 -68920
-72419 -68961
-72314 -69071
-72182 -69209
-72135 -69258
-72061 -69335
-72034 -69363
-71952 -69448
-71897 -69505
-71869 -69534
-71807 -69598
-71744 -69663
-71638 -69772
-71559 -69853
-71516 -69897
-71421 -69994
-71370 -70046
-71259 -70159
-71192 -70227
-71109 -70311
-71002 -70419
-70839 -70583
-70583 -70839
-70419 -71002
-70311 -71109
-70227 -71192
-70159 -71259
-70046 -71370
-69994 -71421
-69897 -71516
-69853 -71559
-69772 -71638
-69663 -71744
-69598 -71807
-69534 -71869
-69505 -71897
-69448 -71952
-69363 -72034
-69335 -72061
-69258 -72135
-69209 -72182
-69071 -72314
-68961 -72419
-68920 -72458
-68859 -72516
-68745 -72624
-68671 -72694
-68565 -72794
-68433 -72918
-68368 -72979
-68336 -73009
-68258 -73082
-68155 -73178
-68040 -73285
-67958 -73361
-67851 -73460
-67701 -73598
-67590 -73700
-67541 -73745
-67480 -73801
-67377 -73895
-67232 -74027
-67083 -74162
-67000 -74237
-66859 -74364
-66656 -74546
-66581 -74613
-66535 -74654
-66444 -74735
-66320 -74845
-66224 -74930
-66173 -74975
-66106 -75034
-66006 -75122
-65907 -75209
-65803 -75300
-65732 -75362
-65678 -75409
-65586 -75489
-65510 -75555
-65435 -75620
-65398 -75652
-65339 -75703
-65281 -75753
-65181 -75839
-65117 -75894
-64950 -76037
-64862 -76112
-64728 -76226
-64708 -76243
-64662 -76282
-64590 -76343
-64519 -76403
-64423 -76484
-64347 -76548
-64297 -76590
-64192 -76678
-64137 -76724
-64058 -76790
-63974 -76860
-63856 -76958
-63739 -77055
-63613 -77159
-63579 -77187
-63483 -77266
-63416 -77321
-63344 -77380
-63311 -77407
-63202 -77496
-63126 -77558
-63046 -77623
-63009 -77653
-62841 -77789
-62794 -77827
-62753 -77860
-62707 -77897
-62610 -77975
-62559 -78016
-62399 -78144
-62295 -78227
-62236 -78274
-62110 -78374
-62043 -78427
-61967 -78487
-61896 -78543
-61816 -78606
-61732 -78672
-61644 -78741
-61552 -78813
-61443 -78898
-61313 -78999
-61162 -79116
-60961 -79271
-60914 -79307
-60795 -79398
-60740 -79440
-60702 -79469
-60555 -79581
-60484 -79635
-60405 -79695
-60347 -79739
-60285 -79786
-60215 -79839
-60174 -79870
-59969 -80024
-59945 -80042
-59795 -80154
-59665 -80251
-59553 -80334
-59476 -80391
-59361 -80476
-59281 -80535
-59190 -80602
-59115 -80657
-59048 -80706
-58907 -80809
-58720 -80945
-58604 -81029
-58496 -81107
-58396 -81179
-58293 -81253
-58247 -81286
-58152 -81354
-58061 -81419
-57933 -81510
-57850 -81569
-57730 -81654
-57689 -81683
-57540 -81788
-57429 -81866
-57289 -81964
-57091 -82102
-56960 -82193
-56837 -82278
-56721 -82358
-56599 -82442
-56545 -82479
-56431 -82557
-56349 -82613
-56214 -82705
-56161 -82741
-56034 -82827
-55957 -82879
-55911 -82910
-55813 -82976
-55761 -83011
-55688 -83060
-55594 -83123
-55342 -83291
-55229 -83366
-55164 -83409
-55014 -83508
-54804 -83646
-54723 -83699
-54602 -83778
-54522 -83830
-54405 -83906
-54368 -83930
-54252 -84005
-54159 -84065
-53991 -84173
-53902 -84230
-53758 -84322
-53615 -84413
-53511 -84479
-53375 -84565
-53275 -84628
-53240 -84650
-53157 -84702
-53058 -84764
-52834 -84904
-52739 -84963
-52660 -85012
-52534 -85090
-52352 -85202
-52308 -85229
-52233 -85275
-52171 -85313
-51994 -85421
-51892 -85483
-51864 -85500
-51793 -85543
-51664 -85621
-51606 -85656
-51508 -85715
-51301 -85839
-51192 -85904
-51071 -85976
-50936 -86056
-50804 -86134
-50687 -86203
-50583 -86264
-50467 -86332
-50316 -86420
-50242 -86463
-50092 -86550
-49978 -86616
-49832 -86700
-49710 -86770
-49614 -86825
-49507 -86886
-49449 -86919
-49354 -86973
-49294 -87007
-49133 -87098
-49016 -87164
-48959 -87196
-48868 -87247
-48664 -87361
-48520 -87441
-48419 -87497
-48276 -87576
-48167 -87636
-48125 -87659
-48072 -87688
-48008 -87723
-47933 -87764
-47792 -87841
-47748 -87865
-47558 -87968
-47443 -88030
-47391 -88058
-47298 -88108
-47216 -88152
-47072 -88229
-46931 -88304
-46850 -88347
-46799 -88374
-46589 -88485
-46471 -88547
-46431 -88568
-46303 -88635
-46186 -88696
-46109 -88736
-46003 -88791
-45858 -88866
-45792 -88900
-45687 -88954
-45650 -88973
-45611 -88993
-45527 -89036
-45433 -89084
-45321 -89141
-45264 -89170
-45199 -89203
-45116 -89245
-45015 -89296
-44850 -89379
-44596 -89506
-44435 -89586
-44318 -89644
-44176 -89714
-44115 -89744
-43956 -89822
-43825 -89886
-43712 -89941
-43677 -89958
-43487 -90050
-43350 -90116
-43273 -90153
-43248 -90165
-43129 -90222
-42919 -90322
-42742 -90406
-42617 -90465
-42600 -90473
-42517 -90512
-42451 -90543
-42312 -90608
-42237 -90643
-42164 -90677
-42067 -90722
-41944 -90779
-41879 -90809
-41766 -90861
-41574 -90949
-41414 -91022
-41295 -91076
-41200 -91119
-41138 -91147
-40996 -91211
-40878 -91264
-40692 -91347
-40521 -91423
-40390 -91481
-40306 -91518
-40206 -91562
-40085 -91615
-40069 -91622
-40046 -91632
-39970 -91665
-39864 -91711
-39781 -91747
-39638 -91809
-39578 -91835
-39511 -91864
-39369 -91925
-39266 -91969
-39184 -92004
-39052 -92060
-38934 -92110
-38882 -92132
-38742 -92191
-38618 -92243
-38539 -92276
-38335 -92361
-38127 -92447
-38076 -92468
-37969 -92512
-37869 -92553
-37847 -92562
-37776 -92591
-37641 -92646
-37436 -92729
-37359 -92760
-37267 -92797
-37002 -92903
-36904 -92942
-36793 -92986
-36717 -93016
-36613 -93057
-36585 -93068
-36427 -93130
-36345 -93162
-36201 -93218
-36085 -93263
-36010 -93292
-35901 -93334
-35888 -93339
-35747 -93393
-35577 -93458
-35469 -93499
-35382 -93532
-35329 -93552
-35215 -93595
-35015 -93670
-34889 -93717
-34776 -93759
-34657 -93803
-34565 -93837
-34467 -93873
-34388 -93902
-34336 -93921
-34251 -93952
-34100 -94007
-33970 -94054
-33873 -94089
-33756 -94131
-33647 -94170
-33563 -94200
-33473 -94232
-33363 -94271
-33210 -94325
-33139 -94350
-33082 -94370
-33005 -94397
-32827 -94459
-32732 -94492
-32593 -94540
-32561 -94551
-32398 -94607
-32284 -94646
-32240 -94661
-32190 -94678
-32134 -94697
-32066 -94720
-31921 -94769
-31790 -94813
-31424 -94935
-31233 -94998
-31172 -95018
-31117 -95036
-31019 -95068
-30890 -95110
-30810 -95136
-30773 -95148
-30742 -95158
-30596 -95205
-30462 -95248
-30280 -95306
-30195 -95333
-30062 -95375
-30008 -95392
-29906 -95424
-29839 -95445
-29743 -95475
-29611 -95516
-29527 -95542
-29306 -95610
-29175 -95650
-29080 -95679
-28991 -95706
-28885 -95738
-28802 -95763
-28612 -95820
-28518 -95848
-28400 -95883
-28224 -95935
-28166 -95952
-28002 -96000
-27978 -96007
-27792 -96061
-27740 -96076
-27629 -96108
-27570 -96125
-27367 -96183
-27286 -96206
-27148 -96245
-27084 -96263
-26963 -96297
-26877 -96321
-26773 -96350
-26538 -96415
-26498 -96426
-26275 -96487
-26087 -96538
-25905 -96587
-25729 -96634
-25684 -96646
-25480 -96700
-25339 -96737
-25232 -96765
-25159 -96784
-25024 -96819
-24923 -96845
-24767 -96885
-24677 -96908
-24543 -96942
-24448 -96966
-24064 -97062
-23975 -97084
-23898 -97103
-23837 -97118
-23743 -97141
-23698 -97152
-23628 -97169
-23529 -97193
-23434 -97216
-23351 -97236
-23301 -97248
-23125 -97290
-23011 -97317
-22956 -97330
-22922 -97338
-22807 -97365
-22610 -97411
-22463 -97445
-22376 -97465
-22245 -97495
-22223 -97500
-22060 -97537
-21909 -97571
-21860 -97582
-21784 -97599
-21622 -97635
-21536 -97654
-21459 -97671
-21363 -97692
-21276 -97711
-21184 -97731
-21147 -97739
-21045 -97761
-20980 -97775
-20910 -97790
-20835 -97806
-20755 -97823
-20722 -97830
-20599 -97856
-20556 -97865
-20465 -97884
-20273 -97924
-20215 -97936
-20118 -97956
-19937 -97993
-19868 -98007
-19719 -98037
-19449 -98091
-19348 -98111
-19190 -98142
-19036 -98172
-19005 -98178
-18901 -98198
-18807 -98216
-18639 -98248
-18581 -98259
-18544 -98266
-18491 -98276
-18406 -98292
-18326 -98307
-18148 -98340
-18121 -98345
-18001 -98367
-17886 -98388
-17875 -98390
-17781 -98407
-17603 -98439
-17547 -98449
-17457 -98465
-17395 -98476
-17327 -98488
-17270 -98498
-17207 -98509
-17098 -98528
-16994 -98546
-16854 -98570
-16813 -98577
-16672 -98601
-16559 -98620
-16289 -98665
-16155 -98687
-16057 -98703
-15840 -98738
-15784 -98747
-15671 -98765
-15557 -98783
-15449 -98800
-15372 -98812
-15275 -98827
-15132 -98849
-15060 -98860
-14895 -98885
-14835 -98894
-14748 -98907
-14701 -98914
-14593 -98930
-14532 -98939
-14409 -98957
-14333 -98968
-14236 -98982
-14047 -99009
-13941 -99024
-13884 -99032
-13834 -99039
-13726 -99054
-13661 -99063
-13508 -99084
-13427 -99095
-13345 -99106
-13203 -99125
-13098 -99139
-13022 -99149
-12961 -99157
-12823 -99175
-12722 -99188
-12636 -99199
-12454 -99222
-12358 -99234
-12237 -99249
-12131 -99262
-11966 -99282
-11891 -99291
-11799 -99302
-11723 -99311
-11638 -99321
-11578 -99328
-11492 -99338
-11396 -99349
-11256 -99365
-11105 -99382
-10970 -99397
-10824 -99413
-10704 -99426
-10554 -99442
-10469 -99451
-10364 -99462
-10219 -99477
-10170 -99482
-10111 -99488
-10002 -99499
-9892 -99510
-9781 -99521
-9720 -99527
-9669 -99532
-9565 -99542
-9471 -99551
-9450 -99553
-9355 -99562
-9226 -99574
-9161 -99580
-8952 -99599
-8907 -99603
-8738 -99618
-8704 -99621
-8554 -99634
-8425 -99645
-8197 -99664
-8148 -99668
-8074 -99674
-7899 -99688
-7836 -99693
-7785 -99697
-7721 -99702
-7617 -99710
-7538 -99716
-7498 -99719
-7364 -99729
-7241 -99738
-7186 -99742
-7088 -99749
-7003 -99755
-6960 -99758
-6830 -99767
-6786 -99770
-6712 -99775
-6667 -99778
-6546 -99786
-6485 -99790
-6361 -99798
-6282 -99803
-6218 -99807
-6055 -99817
-6022 -99819
-5922 -99825
-5854 -99829
-5716 -99837
-5646 -99841
-5484 -99850
-5411 -99854
-5336 -99858
-5242 -99863
-5204 -99865
-5087 -99871
-5028 -99874
-4928 -99879
-4805 -99885
-4721 -99889
-4657 -99892
-4570 -99896
-4460 -99901
-4392 -99904
-4300 -99908
-4230 -99911
-4158 -99914
-4085 -99917
-4036 -99919
-3936 -99923
-3885 -99925
-3807 -99928
-3728 -99931
-3674 -99933
-3591 -99936
-3507 -99939
-3420 -99942
-3361 -99944
-3301 -99946
-3209 -99949
-3178 -99950
-3081 -99953
-2983 -99956
-2915 -99958
-2845 -99960
-2774 -99962
-2738 -99963
-2664 -99965
-2626 -99966
-2509 -99969
-2469 -99970
-2428 -99971
-2345 -99973
-2302 -99974
-2258 -99975
-2168 -99977
-2121 -99978
-2073 -99979
-2024 -99980
-1974 -99981
-1923 -99982
-1870 -99983
-1816 -99984
-1760 -99985
-1703 -99986
-1581 -99988
-1449 -99990
-1377 -99991
-1303 -99992
-1224 -99993
-1140 -99994
-1048 -99995
-947 -99996
-836 -99997
-706 -99998
-547 -99999
-315 -100000
Time taken for sequential computation:- 0.691999
