10000
-769 117
652 -507
-350 388
-472 -575
226 632
723 465
-776 -880
-436 84
763 -786
614 -856
753 714
-984 176
8 143
-61 -649
646 222
-653 -151
447 118
41 -808
376 -403
-613 -637
423 102
-595 36
378 256
-670 -276
-621 432
725 126
1000 350
-870 11
168 772
-674 -570
507 431
343 440
-566 529
-977 954
-759 518
-447 758
-570 -130
-505 -245
-473 -605
917 -430
-301 -90
-448 796
911 130
-552 516
-263 -274
608 -98
262 135
-457 -291
418 -126
-72 -985
454 -835
-129 794
768 290
-812 -854
690 27
-71 213
-455 936
-918 -929
33 447
-549 175
-289 -917
893 292
-918 204
-577 286
-608 -47
220 544
-744 35
876 0
593 -515
734 958
-30 -958
357 -213
767 317
799 -10
957 -65
250 832
-355 -648
-415 -61
64 -500
-175 -568
-86 -344
-570 -279
383 998
248 -741
-282 -660
817 -139
-170 347
-415 688
-557 -526
-665 -792
514 -282
316 -546
-984 177
-723 -830
643 -40
-58 -962
741 -638
508 16
66 -683
-924 -242
-700 -420
77 -496
457 -535
282 -890
-851 -717
-827 -162
-450 589
229 20
402 177
-323 -66
-673 -329
-33 775
-390 9
-493 473
-536 137
894 506
634 321
705 -219
572 385
-412 100
-622 668
723 -562
-256 -509
326 235
904 -290
670 -398
818 188
-617 618
682 -122
-687 291
957 856
-87 980
283 376
368 101
925 -557
-490 -327
-296 -232
-958 -241
-761 -631
253 -907
72 504
-343 -784
-441 -217
-953 -911
-478 188
465 -732
145 6
793 990
235 998
-956 -167
-706 540
-995 16
680 -638
-622 428
-288 -814
3 -865
-782 -711
-926 455
677 -632
-444 -93
389 348
444 56
597 -480
-880 605
-324 -24
761 678
-145 -39
385 443
301 -550
979 75
-638 804
525 362
571 -155
-199 -749
-845 -480
18 -161
-1000 -805
-705 -972
-569 -231
521 -495
920 984
-565 483
-872 -467
930 -890
355 -974
-89 -666
-991 -103
-975 946
883 416
316 -671
-973 -434
260 -661
283 213
-223 -245
998 -900
-983 -462
730 -654
388 -711
-623 -992
-404 -368
368 -740
-530 932
-441 -214
936 655
-7 -250
-993 -950
543 -516
-314 -112
-329 588
-293 -565
-769 496
-714 -465
760 -708
-324 -123
-803 -566
-302 -211
-773 -11
-880 -988
-512 -732
-649 199
-114 277
-147 625
-172 556
914 -502
559 -520
-388 777
-317 796
219 -36
552 170
891 -324
-825 -206
-805 -170
606 -217
-21 513
627 606
531 649
-913 -290
225 -607
-215 831
-800 -955
32 859
413 836
349 0
670 520
754 -901
541 -434
466 -64
882 -140
-867 340
753 -617
174 -331
-934 201
-784 299
260 -324
-133 669
-486 268
783 82
-395 791
-452 -385
769 -317
428 -538
4 133
588 83
368 -649
-649 -762
693 -997
-804 503
574 393
-285 -787
-182 -316
35 -841
877 -893
494 931
216 317
-452 -855
-370 969
554 693
171 752
112 -467
514 -187
-209 -995
-332 484
390 615
-557 358
179 -390
851 -249
-459 852
-581 -580
-904 83
-525 -345
-399 753
478 -178
-538 -311
822 897
322 927
372 414
380 313
721 69
-895 421
112 98
-360 473
502 544
-838 -471
446 825
2 -701
148 -990
-925 -616
-832 -552
-674 -993
985 -336
656 -130
-378 393
822 539
738 604
630 -916
80 -396
404 -865
-718 -870
-307 -582
-796 479
548 -480
-521 100
702 -787
790 -837
-128 582
-82 133
-519 -832
187 185
270 717
-579 182
-636 358
-671 648
-855 73
-769 655
767 -51
24 -2
933 662
387 -277
785 757
812 250
259 -445
634 -125
-548 138
-575 -342
-647 -672
658 140
160 803
527 513
-963 932
672 297
-501 383
285 -333
-661 -185
-506 -466
-411 281
-910 958
482 162
568 -451
-394 809
566 -757
-43 -781
-122 -389
-67 -726
-90 651
-625 -826
-617 -311
-688 -114
188 -177
-587 -142
427 270
336 -995
-909 602
-909 165
294 178
545 108
-313 586
636 899
-195 -714
-207 96
-341 -277
187 -379
624 -45
-630 25
-417 -185
-366 -607
-426 881
909 858
-846 -115
-997 -513
-33 611
-725 -316
-438 -311
-618 96
-335 514
-591 899
-164 -448
-72 -150
353 -45
-55 3
421 515
-720 -171
-106 865
809 -678
146 54
-235 -188
379 -875
85 -585
113 -495
377 93
-2 -473
-480 884
-336 930
912 695
586 -232
700 205
-679 -959
-465 985
102 -932
117 539
-489 -930
-551 949
206 -316
308 -165
271 -365
-747 808
-665 8
-97 -37
321 974
885 730
235 10
-200 -154
1000 29
-544 373
747 777
893 662
-295 78
-729 -964
-116 -1000
-108 99
-970 -966
50 499
-189 -895
-738 622
754 769
899 34
-154 778
-961 -805
850 180
97 960
-106 811
-12 356
-495 730
-37 -468
-922 255
88 -185
-345 101
841 -757
-624 -467
-830 -623
167 409
-953 -797
201 187
-192 -645
87 642
-248 958
-65 519
785 194
933 515
88 807
-528 -578
575 -329
590 -650
507 -60
-105 904
685 -169
332 558
-402 -528
969 952
911 -351
-324 555
-996 -36
-28 -89
92 227
-96 387
-427 -389
889 927
-247 578
-197 -590
-157 468
-132 591
-930 -924
822 862
443 642
-674 302
228 -83
-902 285
970 -435
152 -716
482 416
905 272
864 180
215 -974
-916 -329
528 749
550 21
-823 -366
413 -26
234 -502
-53 -810
826 506
451 -605
466 358
-271 469
738 691
-385 474
-708 274
463 -583
-543 897
591 421
-684 -775
-560 375
293 495
746 -732
-481 152
749 987
-350 57
777 563
394 278
-242 206
-710 -501
-610 402
-278 -709
48 -518
761 -539
-753 -960
164 131
-510 771
613 361
794 -727
536 164
909 -318
453 894
311 -338
-565 889
-370 -675
79 191
-359 761
-673 462
546 626
-589 -907
755 989
469 79
792 -485
-706 -255
573 844
521 1000
-959 666
-128 -417
-312 469
232 883
580 -970
-996 -774
314 578
678 -832
652 157
473 477
858 470
971 948
-558 -815
548 602
684 496
605 -72
-958 686
-777 -335
-569 818
186 -849
-737 -490
-62 630
49 86
-942 76
73 -429
229 -787
143 732
-858 556
588 -786
133 -564
681 796
-218 -852
222 -40
948 629
-313 292
680 -684
690 936
487 -227
714 473
-698 630
-280 100
-547 -608
567 251
-758 896
-66 12
94 -481
-636 638
-872 618
-619 705
-41 633
-90 -738
481 706
590 -841
88 -220
439 -550
980 -301
-286 497
166 -214
-224 437
612 -395
-62 621
301 554
435 -670
931 -491
81 -53
-816 64
-344 117
-242 -438
114 -812
-757 637
-343 742
-697 -939
-198 862
-676 -631
-61 659
505 100
266 430
367 700
543 472
402 -133
-450 532
308 367
702 -713
-129 689
199 426
612 -18
971 -856
872 -533
-61 441
68 15
38 -437
375 561
-358 246
-677 394
-752 -248
-107 883
-174 335
-431 -276
-902 -69
-299 918
-59 -965
440 828
685 699
-729 378
709 620
-696 -691
519 322
-67 284
-599 723
-567 279
69 646
707 899
547 -738
895 535
766 -675
538 -703
-732 671
-960 -772
-624 247
816 882
77 -563
341 674
565 218
667 -736
349 797
205 -747
-173 -360
587 -420
608 -193
260 -112
-634 -399
-371 695
598 -804
981 304
135 -669
581 -922
-707 -723
469 -387
-951 -764
-823 -747
104 -532
-569 -13
-221 -361
-733 -857
-778 43
-883 -167
-70 -364
-426 -186
-822 -948
434 933
-134 318
-101 -320
832 -506
486 428
919 -863
205 -372
4 634
10 -60
-851 -474
154 886
-342 -344
-206 908
305 859
-816 -644
-569 868
655 -844
-860 959
-277 -892
501 -719
721 361
545 350
470 842
-399 -383
782 210
-156 576
307 -552
436 87
140 243
514 -781
659 -281
-304 26
-309 440
738 -799
774 546
-178 27
334 412
112 994
717 977
-410 719
303 463
609 431
282 244
-745 -975
131 -605
722 957
-762 902
-891 -345
912 -900
-498 -349
-961 450
-44 -607
702 500
82 -174
527 -50
124 -891
727 -80
-480 -987
355 -710
-511 -649
563 736
-279 108
872 -890
-890 146
207 795
-594 54
925 -343
-204 -113
-220 -902
39 815
694 -303
-167 -464
-539 -841
-364 577
-330 -990
180 -794
-533 -516
-488 -436
234 310
-926 -731
-906 184
-106 -88
47 -655
-6 944
-475 -415
-477 239
927 292
687 -891
-81 753
-479 210
878 247
-214 -682
245 772
-555 938
-159 750
50 683
78 415
-623 -10
-41 -899
-502 562
607 -486
-201 -190
787 826
-739 -766
-984 -875
24 -605
-280 -298
-448 948
-232 -14
616 693
533 -353
-455 899
-16 999
704 622
512 -451
791 -192
750 430
596 448
312 -686
130 -628
-243 563
-591 14
963 386
816 266
-223 -162
-851 15
-146 29
446 777
737 161
808 -869
175 -341
-343 913
527 465
910 -791
-752 178
706 -50
894 -672
334 588
-913 -40
-785 386
-824 -826
-138 630
-42 -733
-449 -859
251 405
-750 537
-638 945
-144 -955
-958 71
-129 -333
869 497
647 -745
910 -869
-132 -701
686 -385
425 87
485 709
-403 681
158 469
437 -165
-120 -895
-227 -803
-214 -237
-442 -745
862 -476
955 -213
681 -422
-993 914
-84 -986
788 328
-53 -173
825 480
-547 647
-130 -452
-677 -249
196 -776
420 -368
-178 -194
-540 -946
-363 -198
-787 641
184 -417
993 -190
733 648
758 431
398 -51
-214 41
-92 670
-216 -975
6 -75
994 175
-738 -92
-366 539
821 -827
779 536
674 279
138 773
-718 637
956 307
-866 229
239 -997
-514 -367
785 -476
634 138
-272 942
669 857
-693 -964
507 -502
-727 -35
973 463
-589 -401
-574 -350
313 -345
-570 149
756 -478
895 906
728 -856
424 539
-385 -865
4 -830
29 -153
368 385
-563 167
-630 -501
-221 -680
-970 812
483 528
497 -166
-845 -448
614 325
684 -988
-211 -111
223 336
792 -745
-542 568
490 -406
-956 758
-813 147
-145 -829
150 -673
-722 -348
-108 -142
403 -982
559 29
140 -957
996 632
-471 612
-122 -952
239 -575
210 982
-802 -163
-345 -451
734 394
-688 796
445 465
-122 795
-293 -299
533 982
-711 -146
-673 -379
-713 -49
-611 -292
-429 -529
518 359
-942 -828
-662 313
264 -655
-550 592
255 -57
-878 716
699 -237
91 897
601 -162
846 809
-487 514
227 -552
-719 -767
-892 -217
-664 785
389 -272
772 495
-800 422
999 -187
-678 751
-526 -412
251 48
-609 -196
-932 -590
-306 -271
-823 158
-913 -135
255 -868
-121 -398
344 348
364 -508
862 -805
-688 -988
269 -423
-282 591
-452 -474
849 -537
-612 -473
-19 -111
-892 -604
-142 475
764 342
599 177
-392 -313
-806 885
-703 -886
147 139
-611 -620
840 14
-414 228
449 591
377 -256
668 -81
96 788
683 294
99 -479
-970 -749
-9 425
-356 530
-541 147
-318 -403
-338 -923
885 -935
94 -989
-636 904
-65 29
-895 -993
867 -64
-96 898
69 -428
-233 -448
426 648
-175 -76
14 390
-574 -456
-17 -73
-142 587
94 -931
729 -434
-967 438
13 -536
-848 -292
994 5
-52 521
361 -17
286 -153
-628 -888
-203 48
-870 -882
224 243
953 992
729 -810
369 774
-883 -273
-318 808
524 802
-807 221
420 -441
992 640
-8 -838
-878 518
-957 975
892 -576
435 53
710 -332
-86 -521
860 -549
178 574
-1000 -479
255 728
-319 -182
-153 946
239 -208
352 91
-386 621
987 833
951 -141
11 -463
866 -72
284 669
870 473
771 925
803 100
-57 -165
307 467
-288 -289
-330 -589
-2 202
-836 -395
165 563
878 -733
196 973
216 36
866 312
-67 702
-518 185
-147 -958
-110 -63
3 311
610 -803
632 -101
426 203
-119 195
-230 -60
119 677
-557 588
-502 -553
-273 554
237 -191
-67 -460
-287 429
516 82
-889 982
-216 -177
357 510
54 576
501 -677
584 320
-527 -620
625 323
-574 -318
140 -614
155 797
931 815
893 381
-712 445
416 871
-243 660
-353 852
138 -746
51 11
183 -600
-837 -487
-894 -456
681 220
-362 340
691 -380
543 -897
-535 -718
-588 875
-529 -922
-167 -362
-689 -302
713 261
355 -672
-944 -51
-439 272
-670 -223
-384 -35
-872 -487
774 144
637 857
-927 -166
-221 252
-957 118
-232 401
-412 -528
-172 -862
426 -932
-815 402
845 -403
-85 -660
-831 185
93 60
390 -149
-675 -298
797 -991
163 -739
684 1000
-188 446
-259 -475
-854 708
-640 -767
-630 -997
481 738
-706 -166
-759 -413
469 -64
-809 -329
163 -136
331 -547
-350 492
-631 325
-411 -349
-487 133
-728 208
936 315
-854 -540
190 913
-531 -685
-573 432
-422 855
197 154
209 501
-726 -959
-175 665
-865 944
966 865
955 -680
-997 499
-713 -464
-678 838
640 816
451 -863
632 546
725 40
931 -222
615 55
-570 -9
-218 918
866 415
819 165
-772 679
-682 -501
-431 -3
-731 82
-781 -715
512 -247
-526 -415
-263 -98
-518 311
736 -638
985 819
-113 -294
-761 -987
-262 886
-10 692
854 -705
439 -45
-794 627
58 804
560 850
-410 -711
-68 -186
628 201
-216 742
209 887
-29 959
-936 718
994 719
-215 937
742 -716
971 -113
223 836
564 -774
77 391
612 -995
599 711
412 -926
199 680
277 7
-922 719
770 -269
-366 -247
-77 898
708 967
-57 779
401 347
893 935
200 -628
769 -511
-842 -699
-473 -193
-142 970
978 -359
-382 908
-797 -496
966 474
915 903
-292 -774
-274 474
59 -566
-771 598
-446 658
-253 170
-356 516
351 -115
-850 -64
-558 236
-416 -867
186 -154
133 -506
142 -901
170 195
190 -484
-556 500
163 205
616 -33
451 -66
-771 315
485 -575
598 -113
-338 355
40 -582
-695 -383
-80 905
-149 149
-441 -100
-448 834
736 987
-238 -706
-563 969
241 -745
-597 -672
-107 695
775 9
-493 717
-832 507
314 73
-851 547
553 982
-983 847
606 205
-168 456
-309 -804
-292 827
858 121
-643 -534
-805 13
-275 -294
-77 -108
-868 -956
-307 342
-139 -467
-665 875
508 253
0 717
-144 -147
-96 108
-785 -791
60 756
945 -616
-760 -929
-182 917
141 914
-791 633
407 573
223 923
317 513
-83 -886
-806 -595
991 -358
666 -584
822 -776
178 -25
47 736
410 -444
-603 -470
-834 -762
174 499
230 481
587 816
526 -111
645 -812
-401 199
-297 106
154 753
-490 -129
31 -443
270 330
-823 -1
769 -659
-94 -127
-256 -573
624 341
106 -760
33 -75
950 481
985 540
-72 -161
406 118
155 40
75 -131
579 241
252 645
-257 853
513 19
-676 -262
697 -946
-278 -423
-902 -637
806 -744
373 226
-363 -706
395 -614
-271 372
745 868
372 861
-604 506
932 -897
64 382
436 -779
-340 -286
-570 635
-462 -699
875 -935
-475 -458
120 71
471 877
704 369
-626 949
769 -913
542 -427
-300 309
-994 -308
-89 421
-250 167
681 -970
658 -788
-89 216
-572 930
-165 -337
-775 365
564 -713
939 286
-76 -908
-370 149
617 -246
146 -42
-732 904
-4 52
-870 599
330 681
-621 -868
-869 434
-162 571
-391 -242
401 861
439 -985
-196 721
23 653
108 408
-870 922
240 458
-6 182
-536 -365
-377 -930
67 -256
981 -753
633 -884
-533 477
-397 -462
981 478
457 344
122 188
652 26
711 -529
560 -666
-163 591
363 -257
-730 468
-995 -999
-190 -654
397 770
-136 329
715 480
875 253
530 543
745 -739
352 75
745 717
267 -978
388 -123
-905 646
-49 140
106 988
-885 995
183 176
-942 -62
319 -751
-100 -150
-907 718
946 -273
-331 698
-969 -153
-469 704
91 111
-772 587
997 262
422 839
282 -119
-504 -686
144 898
18 -253
-643 -512
26 -242
-187 699
-923 -592
-446 -479
-1000 143
381 391
-389 -157
575 509
941 -554
404 -190
-379 83
278 976
-879 527
-102 819
-3 172
196 -855
-829 -905
-368 917
27 -402
-290 227
-550 415
-300 5
-989 144
34 -510
-439 270
-700 -22
-785 -405
-100 -231
947 188
-12 -998
-112 -37
-261 -673
485 -847
-714 77
533 -636
-376 234
364 532
855 -465
-985 -779
-752 -687
583 -863
670 -937
475 452
801 942
510 -266
441 159
-863 -861
429 909
187 -498
364 377
-277 -416
383 -649
831 789
859 -669
-585 178
-898 188
-354 -863
-185 -652
995 291
359 -341
886 474
432 -252
598 592
161 919
-709 870
522 149
-157 -303
-885 983
636 862
-32 -303
-314 -444
21 805
676 -586
-835 -216
-383 330
-362 383
-569 525
-315 504
-952 881
-310 -168
-844 -801
424 250
-815 784
-649 934
-499 -116
888 -613
52 -729
-366 -669
-986 675
712 186
-187 312
854 40
-698 -131
747 -553
697 88
-982 -198
770 487
559 -465
57 885
-259 -746
315 614
91 -938
-419 -292
-17 -6
235 -571
788 644
-494 -511
500 -930
-276 -984
783 -150
-800 505
-728 923
-228 -183
-318 -409
-703 731
-837 -363
409 916
251 331
-426 -179
612 -157
-413 775
-323 -640
902 719
49 733
-698 -67
-94 -207
244 628
572 -861
-218 27
814 -576
-462 343
296 -797
-977 320
-167 -356
268 -734
-115 243
-724 890
619 174
745 234
582 -870
-312 -409
-736 593
552 225
753 -412
310 -604
-66 -621
-703 6
31 -986
-221 635
-695 768
68 423
-86 658
-44 -502
-456 -543
-602 -41
-506 528
771 951
938 782
-8 -632
986 -921
-900 604
855 31
176 -677
-103 -225
-832 468
141 34
-979 -604
-667 771
646 316
3 -173
-998 744
343 -307
926 -835
158 -820
-760 -618
227 -762
676 -573
289 203
-109 389
925 -611
-866 928
49 -985
-753 73
-671 -67
-475 -183
-869 97
-851 618
-733 -256
-253 257
375 568
-978 496
-597 -337
612 357
-218 -30
157 -698
658 657
-861 715
564 -916
155 663
117 -433
-721 823
75 -601
151 -61
388 10
-829 264
161 -251
957 684
-630 -627
225 680
-50 329
-945 247
-792 242
-470 564
819 -557
835 -314
878 -309
330 -866
-22 -505
531 341
122 841
985 -773
-887 27
-422 374
744 237
-279 997
-576 -152
-376 3
-816 824
392 68
220 -276
-514 390
-157 -587
160 -534
39 5
-487 864
-796 -18
342 -558
237 55
-731 -727
-548 -923
884 -614
53 -48
-292 720
989 468
-280 -880
-958 982
547 706
-888 559
-372 -345
349 -477
376 435
-20 543
832 306
425 -802
231 956
-738 -181
754 -851
920 360
220 -963
-192 231
733 128
-203 522
-674 -570
-127 -472
-100 -942
282 -70
-850 6
-793 -114
419 475
-534 -6
-331 65
-414 -564
-737 -61
40 -338
-961 -218
-649 -200
559 244
-185 923
98 -32
-796 417
299 -5
-746 782
-305 -848
753 -616
129 -185
943 931
-192 570
678 507
242 -593
-893 761
-729 722
-784 4
106 617
119 -828
981 -200
476 183
-679 967
-371 825
276 -117
229 -994
239 59
877 -530
-602 35
-178 -503
577 412
329 318
-823 -840
71 -454
912 -877
-241 108
-255 220
367 -125
706 -516
-950 -598
877 -451
703 -900
-514 -98
-379 -828
217 -510
112 183
6 915
-581 231
-173 961
431 -607
-357 -969
-160 322
-183 -877
-931 324
-76 -468
551 -701
-185 227
35 745
-871 -865
-305 -100
725 -736
-793 -235
166 989
40 198
-886 833
568 -572
-705 176
204 654
-403 -258
-729 -494
-254 807
955 103
655 926
670 95
-901 347
-473 634
223 -82
-60 -945
-891 280
-197 399
-626 -489
-803 296
755 941
-262 908
355 -914
907 790
556 -948
137 877
-646 -332
-955 688
-537 902
-104 -546
52 -363
-552 -857
-366 379
-902 -66
598 -897
943 84
-885 656
3 970
-710 -325
-187 -872
-190 660
-233 -746
839 -537
-390 -805
-357 -317
-414 949
231 824
816 103
-52 131
5 877
-591 -242
-222 824
758 -511
-89 83
76 395
905 -978
-927 -509
-395 -242
469 -164
365 -918
919 585
30 333
178 729
874 -605
635 -77
-747 -147
360 -185
-484 950
-765 202
157 12
-530 135
917 -962
-34 -485
-18 -588
-572 572
-607 333
969 -898
519 -905
-380 -662
-589 -791
424 117
-110 181
-536 341
986 -750
896 685
-114 309
-24 -970
-941 -601
769 -439
60 766
-521 -894
832 791
-931 111
176 -379
310 319
-715 861
-690 884
32 -830
-987 -618
-276 -75
-31 410
605 -529
-171 77
-134 -415
62 -829
-533 710
-117 -843
171 -717
501 203
348 -493
-965 -298
-840 778
616 621
-14 -575
-833 -727
993 258
-630 553
-291 -174
-76 -901
-665 720
377 893
-574 11
-147 -593
-321 284
-641 -866
933 -59
-793 537
275 -237
714 910
-185 -453
-78 -191
781 545
652 -444
-382 301
-309 -483
-653 194
318 -423
607 -446
-919 -146
523 -847
-849 79
888 529
70 347
-246 -501
-530 -76
-394 658
104 346
-496 -219
877 -764
95 708
65 -926
-768 545
-573 -552
-525 961
-735 -294
-637 -370
-985 79
-405 694
532 222
-597 -280
-483 -813
-439 613
-499 440
-547 974
-254 -282
783 302
-36 -400
-814 912
676 657
-547 291
446 358
620 518
-436 -142
340 614
187 948
485 -688
-204 157
684 -243
7 467
-17 476
-329 -403
-241 -245
-836 -750
90 319
248 322
459 804
261 747
-479 -479
-708 -911
-973 -627
779 -858
-437 26
329 203
935 -465
492 776
-119 -900
-62 -685
44 -193
795 220
58 -119
634 -876
-597 -766
-272 -57
432 -941
986 517
-169 -323
601 -279
-856 -859
90 -955
302 -57
365 -176
912 612
-644 181
-922 387
-573 355
-388 641
-686 926
-486 -623
-306 -666
924 -52
243 -284
183 217
-298 -121
-519 328
485 -666
-168 657
279 -620
-552 206
-785 361
270 871
758 357
521 -514
363 -302
-861 418
-127 307
951 -834
-656 -382
-411 478
752 415
645 650
674 -243
960 89
-272 -352
895 262
250 913
-35 404
-802 -416
991 -25
-907 899
-685 344
27 -950
-177 133
387 -442
339 -699
-26 -829
260 74
507 127
186 980
146 26
-997 66
-661 769
-900 226
2 -557
-935 -356
-299 219
-750 60
400 -291
-390 -728
-334 -616
-842 -304
483 -699
-155 466
-959 -612
249 -608
61 -506
-560 286
-282 -289
845 293
374 846
889 257
351 -709
654 429
-950 325
566 -18
-898 819
643 -779
155 396
686 -373
-622 -894
715 -807
650 352
-561 -447
856 574
660 -101
459 494
-485 -549
-682 -484
-699 366
20 259
-520 80
938 -415
153 -848
606 557
-274 283
438 -104
-540 -467
698 612
875 28
-928 -986
805 364
-752 -419
-57 -499
985 -531
806 337
-907 321
-500 -826
618 -676
520 93
-694 994
-947 57
748 704
532 250
269 798
-859 604
-567 752
-773 487
390 -880
33 -740
326 -97
-102 286
256 -818
-761 169
-307 -124
987 530
683 110
-387 -401
350 -615
-593 192
647 -180
684 -688
628 289
268 138
914 -212
513 -519
-21 -973
156 188
-309 -514
-363 -92
274 -571
-725 687
-875 342
616 194
889 411
-11 795
-919 272
0 -644
257 785
292 -318
-995 854
822 -768
-416 323
-288 882
309 160
298 -188
-667 139
225 -119
320 412
-967 995
-488 -613
-219 83
-528 440
340 524
-706 489
39 -331
-650 -803
-463 882
627 154
-9 981
-598 874
-737 375
-675 249
-58 -901
-626 335
962 -550
-475 -774
-350 806
-859 536
-162 -166
-784 -287
-15 -709
283 57
-848 -815
656 -43
84 505
788 196
113 -593
850 402
-699 43
-215 346
669 587
-858 968
-604 -602
275 576
9 9
233 415
428 -573
-631 -484
636 -65
541 186
36 637
-880 941
252 -114
972 934
836 171
258 -864
429 790
259 609
-25 679
656 -374
453 683
-805 332
-945 161
-984 187
-317 -320
-537 274
-1 798
403 -365
-891 437
-278 543
612 910
-658 -126
-371 -544
-515 -710
371 -951
512 748
660 -938
-499 -405
185 -216
334 -830
-182 749
-207 -491
-976 -397
708 56
-335 -298
-971 -852
885 -429
94 568
-37 -579
-789 224
666 -696
370 849
652 935
-928 160
-277 -149
-98 152
801 852
539 554
796 -189
-248 -311
310 907
370 -316
767 -813
-99 594
-233 147
983 325
-510 -720
-81 -797
-628 -456
-413 -258
-688 -176
357 204
-308 -639
-825 -84
-438 988
557 101
-322 -941
-968 53
-105 627
-825 974
970 -937
698 -625
-428 887
503 639
-977 -969
875 -830
-920 718
357 922
302 617
691 580
-349 -534
-205 -215
-7 -959
672 260
-827 -930
249 -963
368 -133
-587 748
-706 -476
-945 87
-342 -767
100 -194
-738 -29
-119 -698
833 -621
552 -930
591 -326
581 597
670 -626
-448 -629
-368 434
884 140
987 162
983 50
730 -107
653 202
299 -239
-603 -202
218 -307
-325 -435
928 709
360 44
881 -8
-756 -404
214 -522
271 -888
-218 545
-385 -962
704 -258
810 810
-56 -305
-324 -468
945 -522
-655 -608
973 -535
317 -526
151 882
-177 989
575 341
306 -681
701 -442
-768 54
-930 691
-554 714
-635 -588
-296 -131
-256 967
-964 867
-290 -937
-346 -599
-521 -373
751 680
-108 -693
840 85
463 -173
-912 327
674 752
36 -94
-386 168
263 -11
564 -537
-65 -598
-719 658
-237 627
977 -461
-655 349
-602 -396
-79 -614
-258 710
-306 910
-640 -186
-962 -492
-390 839
668 -669
638 -908
49 319
-237 -603
-287 -161
806 560
-430 561
-179 838
-450 -485
-270 -13
-10 861
516 206
791 647
476 793
911 -508
-892 -165
681 -314
814 -989
92 582
601 409
28 887
389 -912
-752 -785
790 -161
719 -901
41 129
-557 -2
-951 -234
882 -958
-411 -191
715 737
-124 927
-135 -846
90 685
-69 86
-876 376
-921 -882
-687 279
540 -682
345 904
386 -302
-6 -408
-162 933
-109 -542
98 593
578 456
843 794
87 -819
-771 631
186 -353
462 -496
687 167
-269 -74
827 860
-467 89
-609 -508
368 643
-795 777
-386 598
-361 -712
-916 410
86 -811
442 -918
-230 -45
476 640
930 -674
184 -786
578 -213
-146 683
-372 677
588 962
-552 -541
-36 879
-53 985
250 -307
-389 -528
-479 607
678 369
-348 87
-289 -725
-133 -285
301 363
668 -177
331 -177
-205 547
367 -866
734 149
-266 937
402 233
865 -889
-93 -273
-803 549
529 -872
-274 -984
672 723
410 -140
-869 831
-535 983
-946 298
-244 -60
-866 968
595 -807
468 -181
890 -36
-942 -74
510 663
894 495
921 -260
222 -109
248 595
996 556
353 578
-333 -394
289 -670
-325 -166
184 -732
178 -458
367 209
-915 441
853 473
-253 331
-810 -518
-807 171
483 819
-995 40
-394 -679
967 -636
414 875
-534 -273
67 -978
-455 216
-728 -784
701 -977
290 -518
-607 638
773 -607
552 226
36 -496
-597 -947
-40 726
-49 -915
864 119
-261 -717
-257 -807
-627 -782
761 635
-903 506
792 229
307 138
-405 281
-505 363
-717 447
527 711
734 43
75 203
-606 581
296 -675
134 864
-618 -729
704 309
827 -497
-870 -167
-782 258
438 -356
160 -876
-667 363
-813 -170
881 286
597 -878
973 971
105 41
55 411
-581 427
61 -950
760 184
-813 -575
-941 558
-828 761
72 -622
-34 153
-65 -405
770 572
-971 -485
557 -383
268 133
267 -70
-596 -499
-942 -949
-67 708
-293 -690
-993 -818
-832 916
206 649
537 551
-681 71
603 160
356 461
-531 514
306 -53
29 -825
-480 600
-822 -649
56 384
-701 -164
586 -18
-979 -428
797 802
944 -529
769 -165
217 799
544 -164
-361 78
-585 -370
-173 313
986 -246
293 -298
-869 -59
930 193
-552 -467
-416 -444
-797 -506
-784 -414
-30 620
791 -398
603 991
-825 531
-360 -821
38 -825
-606 336
4 -136
-849 -897
-604 -743
956 508
197 -139
-803 949
-45 -754
-23 -823
-501 -293
-877 -610
-26 -366
-518 463
955 -257
-262 111
-462 -414
791 330
185 -485
722 -71
-116 -682
-661 159
-606 -661
263 -556
294 -440
-353 -110
-830 -640
974 240
-182 565
-104 1
856 -919
-277 -275
-307 54
756 -56
-668 -417
-423 -106
264 -114
-694 862
546 171
862 -241
-866 -251
-956 -528
-576 -85
-311 251
-82 -993
-431 -730
-332 243
328 277
317 -273
-674 -991
657 -807
633 -37
341 160
-761 -784
297 718
109 -72
-213 939
332 343
785 -421
-508 -866
637 -66
-153 658
-982 315
-521 -208
557 918
619 416
512 902
991 344
-184 245
307 -30
-841 418
-554 377
393 -722
401 -615
-82 883
836 -669
-184 624
-344 321
-621 151
501 784
-699 -322
-212 251
793 657
549 -64
-571 -808
802 490
598 -520
984 -267
-591 328
140 112
-17 -588
-453 -356
646 -200
165 -774
-510 930
260 800
831 237
-530 -202
20 -474
152 598
475 -182
-385 -740
732 -64
-12 76
-202 746
-187 104
250 59
983 641
-796 -167
606 937
-896 982
21 -929
822 -989
341 -623
686 949
47 -617
-380 719
545 579
425 -348
997 -196
89 -196
-276 -55
-630 -767
-260 516
797 921
-79 693
108 177
-832 -849
-89 -135
272 727
912 789
404 709
852 253
-585 931
527 -44
-655 581
12 517
-405 -736
55 136
138 239
-657 -397
-119 -668
-147 -22
-828 542
-873 710
518 878
253 -190
-178 423
-784 -775
-621 -538
641 -37
911 476
483 -49
-469 -463
-294 481
64 -829
547 -541
-360 615
-607 -512
417 -31
262 356
86 955
846 128
-54 -618
-1 700
-424 -682
-11 495
-324 950
313 -35
-450 -90
-389 768
-762 998
54 -874
-773 -209
32 199
806 -463
-202 -932
487 863
767 685
603 -787
296 -951
-441 -661
-419 -901
-199 -312
-25 327
-271 -999
-87 793
735 318
-637 -891
332 -778
892 -157
96 737
-216 332
-12 -975
863 -129
760 60
491 962
-474 412
495 752
-763 -357
-797 -516
834 -387
-620 -698
893 599
-289 -940
-888 797
-589 650
-942 -715
-144 -383
-851 -787
-585 444
-909 730
-875 72
847 -967
-284 601
288 450
308 -873
-945 -813
980 -691
779 219
-333 -728
-991 227
-25 -397
227 -141
-645 17
877 -871
613 992
311 -504
-71 944
-611 -62
52 848
916 -951
512 -218
872 781
337 549
-22 -938
-661 428
-891 -39
335 -497
900 926
-828 -675
-368 729
-785 -404
-528 557
390 -729
129 367
-885 -768
943 -290
269 -74
154 -773
-656 -317
894 -112
656 -834
219 -388
-23 -262
450 -520
761 -219
-709 43
91 540
-392 511
-489 570
-702 -183
-198 665
511 -831
-771 -663
965 889
-906 412
79 -121
-268 -73
-484 -536
53 449
182 167
763 862
102 -953
-936 -63
976 784
316 544
-146 439
196 -51
-568 225
-4 397
-404 -152
-211 384
-316 174
427 850
-162 144
319 309
882 418
-426 -938
-124 -990
426 74
-19 827
-682 -199
-205 -276
-971 -948
576 29
671 788
-503 -138
13 -461
-634 -157
687 -131
824 -576
385 697
254 -888
42 456
97 902
207 869
-370 -145
-801 -188
556 893
394 -191
596 -625
-981 -891
-360 -142
-688 717
945 623
-151 -606
908 -876
-269 447
841 872
839 381
285 557
-217 990
751 -859
693 750
337 49
715 -615
-326 -249
-842 205
375 151
908 313
-652 -587
517 -488
159 737
-768 148
169 -719
-535 -633
-52 293
-39 608
-459 -381
-398 -1000
835 21
409 -775
-324 -521
-851 424
-984 -174
-554 -653
527 221
-968 486
209 95
-584 956
583 -268
242 -460
877 779
753 -88
-587 935
674 -413
933 141
-407 975
128 171
-363 594
-886 -820
-763 491
552 -157
-253 166
991 881
-724 448
-759 -37
-238 103
241 -979
380 304
835 -294
-295 87
-760 605
92 -872
-36 -188
-596 -462
986 -135
-841 798
996 -846
-641 -59
-344 811
-167 481
469 -140
573 142
-491 207
-840 -638
58 574
954 -554
-135 -320
-542 586
591 -340
34 -731
-9 500
-890 -118
-810 -158
715 -683
-399 111
689 75
-225 811
-84 308
-525 -688
-592 -753
-133 -410
957 445
198 157
921 -816
-501 -871
938 -575
-792 361
796 -539
-624 -844
-917 -660
-990 382
160 -551
693 -41
819 -846
-198 -438
207 -477
-230 -262
-469 361
-228 298
1 60
284 769
891 554
272 -942
-985 -844
-893 -377
64 -310
993 -779
-157 230
780 -307
777 -367
425 -802
-670 -616
138 -142
583 -85
545 -854
-921 -946
716 -376
-613 -540
-185 -964
-353 650
693 -359
600 -422
-583 68
-620 -913
337 229
-311 138
-536 -245
845 -98
-830 769
285 -45
896 -366
-21 346
995 -488
206 660
-91 -491
-51 -141
-189 154
-957 -164
-240 -199
-482 -842
-320 -628
851 -781
383 -370
-415 709
234 313
311 20
-14 -988
924 -558
930 -630
77 17
77 -484
275 17
-806 -601
164 -196
447 629
-206 -110
362 391
-64 447
457 471
30 349
-213 722
737 660
101 -942
-789 -974
107 501
-632 -639
-519 -137
-257 460
-271 -786
-446 -993
509 -241
372 -118
-487 -250
912 288
470 959
-871 479
-531 -418
-815 -161
295 426
-856 -710
-787 323
47 113
193 -109
227 -129
-310 191
-995 -739
282 904
217 -349
368 982
373 161
-398 -57
-22 -882
-280 404
-27 -692
787 273
770 -531
794 733
-282 -168
-320 -385
-469 -428
-463 545
-296 -634
55 755
-173 425
-587 -985
990 -793
585 -634
-748 -896
-714 309
-986 -867
398 -722
822 615
-441 -940
703 222
784 807
-282 -956
750 -139
721 926
859 -611
770 159
188 -968
-540 254
621 -165
44 419
-868 463
-251 -750
564 432
-106 294
-317 -214
-991 -885
-636 -204
-172 -464
82 390
-927 92
272 -136
-756 -880
155 153
191 -958
-714 -421
-212 -517
496 82
497 -498
639 168
-733 -43
-493 641
-926 684
-758 -829
-474 817
-786 -382
515 -367
443 -691
64 -655
507 -674
-670 365
771 -168
742 763
468 -797
-977 -941
670 949
-240 622
-192 646
-52 -526
-533 448
183 313
194 661
-615 393
-822 -450
814 -732
-483 864
149 904
-57 -402
89 114
468 -458
475 427
-883 -701
100 734
-139 516
-502 -56
233 -670
272 -418
-143 314
-931 946
-451 487
364 -41
-346 783
334 887
-190 -188
-23 790
-676 -316
-455 -332
-673 -668
-603 -668
524 -538
529 617
-296 -692
582 -731
278 -38
490 963
-775 995
81 -55
625 -608
18 -893
-932 776
-71 -983
-31 268
664 394
-398 -464
490 918
562 -858
-924 155
-608 -643
567 875
-337 -593
419 -290
-360 373
-492 666
100 -611
628 -990
494 -727
1000 -356
867 -387
243 376
-961 -390
750 -503
785 -557
-577 316
-437 -443
361 95
745 -933
-809 -529
-158 807
487 178
-925 909
237 197
548 684
568 557
829 316
-978 -742
-707 -390
-496 573
405 -696
424 -209
-798 -104
-729 -918
73 -768
245 -327
580 652
984 922
-10 225
890 250
751 -900
169 531
479 153
-68 528
670 228
-430 256
-613 859
829 232
46 -179
336 53
-462 982
408 -112
682 -805
271 -40
690 -622
288 884
-963 -461
331 869
-445 -532
575 555
467 -435
-979 -402
623 -30
-199 738
-72 157
273 -655
-51 526
-444 -91
-645 -878
-670 677
903 -882
-842 -741
-541 769
130 -478
847 -599
-406 -545
-838 -178
-8 48
-550 545
867 376
-216 268
406 934
458 -603
346 -732
90 781
465 -516
-383 805
388 2
-765 -858
752 -642
588 127
710 -490
-265 45
587 -744
211 -978
-721 -290
659 -670
283 186
11 75
-262 -245
612 -621
408 659
-139 -527
800 -607
733 -290
503 -986
-360 592
-334 708
555 754
-647 -584
433 795
775 477
-83 513
-109 -398
-106 677
-863 -553
825 360
-590 -254
-249 538
-58 998
-968 134
339 287
-601 -683
-848 734
-806 113
-385 -179
-654 -704
568 49
-209 -78
-796 485
7 834
116 -275
-307 82
-390 316
876 716
84 -102
-291 160
363 -919
779 -918
-493 859
-603 681
251 -444
-586 999
486 -511
189 799
894 421
92 784
93 880
864 -38
-405 510
-57 -539
624 -925
-550 443
392 234
-615 -31
-292 -790
-431 -289
-553 -153
404 -991
544 -140
723 -559
-109 987
-335 -707
-40 -847
-639 -277
584 358
970 -339
-699 194
170 5
268 844
273 -689
879 -533
-131 390
851 -187
942 -51
-31 535
-368 -71
1000 -418
-300 -42
-232 806
927 265
-353 -788
-892 -41
-253 -578
573 790
-473 331
468 22
-752 215
214 -515
-494 -333
487 712
375 496
453 84
-893 831
856 -616
704 -239
-232 445
894 -153
-984 -461
969 -740
769 752
-720 267
-635 -4
-873 835
-754 -731
-558 430
-57 245
532 279
-709 707
-848 -105
-998 978
247 695
728 72
964 150
615 -449
21 56
-94 833
609 -50
-731 443
629 169
345 982
691 -310
-583 -318
-731 744
439 -590
126 235
-352 673
145 316
-224 571
672 -976
51 -435
-623 -845
224 175
-555 122
-673 280
-632 686
-154 881
-205 301
-188 -911
-407 -341
-256 -500
756 59
-158 65
-594 11
-887 367
571 840
988 -102
423 932
-714 -512
391 -806
956 269
-237 886
170 -629
77 356
-189 296
-726 203
-307 134
-190 2
-863 94
-88 682
226 647
-69 730
103 -492
-720 -99
426 -418
-124 667
-948 -608
268 47
506 11
-622 995
-344 -936
-330 68
439 -827
-464 202
500 716
361 -661
-359 156
-437 -167
295 -784
-848 -792
612 796
543 -533
623 -665
-1 201
-345 -830
-243 -627
-110 422
75 661
537 -846
303 303
-767 968
-867 -269
-314 -336
-92 573
-396 66
-614 411
702 -294
-696 -623
599 -290
-636 458
702 -125
931 607
-175 19
-996 -881
-91 859
-56 -892
-840 -151
796 -193
-110 -454
482 709
-895 -867
-333 -970
244 -80
141 803
-697 648
-703 253
893 -38
329 246
921 778
565 -68
449 -898
11 -145
-41 153
780 -569
-457 719
983 -934
513 528
-457 757
219 346
-983 378
-551 26
68 68
593 -681
6 155
-863 222
342 721
892 -719
27 -464
882 285
-710 397
-384 -427
-965 757
-385 -894
700 -377
-159 -961
511 -585
-770 594
14 387
-478 214
584 344
481 -47
438 -88
125 -656
-598 204
-179 150
-356 -957
-179 -59
-781 338
-16 -264
398 118
-864 -888
355 -739
532 -261
-168 592
995 -965
-941 -802
159 -199
756 -580
-192 -512
-563 693
213 748
346 -94
-745 -139
-273 734
910 -945
800 127
-523 823
523 365
-349 -258
-571 767
83 671
77 -456
780 83
-860 570
183 -839
473 607
760 963
678 253
-601 137
779 -804
367 -378
12 -391
-817 295
-786 373
-849 111
-325 -221
-58 -891
-981 911
-432 891
160 -646
-517 -119
-327 -713
867 747
649 865
-724 -295
-719 687
-366 -3
-518 -496
-620 -680
-505 42
381 -499
3 828
-482 897
53 177
292 -695
886 934
563 -749
925 -842
950 -80
751 839
-567 -121
-91 526
430 261
-729 900
785 2
527 319
790 107
177 -965
37 -255
668 -266
-818 433
611 -569
-286 -1000
-614 777
-533 -535
195 -472
-187 819
980 -313
792 976
667 -304
-439 -136
-889 -511
133 514
-248 -960
627 582
701 -565
-1000 -213
366 -114
-676 820
-395 -760
544 -643
-992 -810
982 -629
693 529
390 732
-531 -683
376 469
-393 387
-914 996
-149 716
-246 371
20 235
875 -875
-107 37
-40 -865
-750 -293
781 407
714 -753
-802 -366
107 -970
-603 878
441 229
389 965
520 225
420 -834
217 913
745 -704
722 -164
855 993
-974 702
892 -891
962 -340
734 528
-521 530
415 -343
977 353
-759 -243
-524 -781
-306 -692
266 -324
795 94
-760 856
-333 557
-298 -420
79 -409
-462 -500
294 -793
340 315
-556 -723
-892 26
850 -300
-467 786
589 799
-359 871
763 -37
395 432
385 -731
-812 155
331 169
397 -378
-460 715
-498 -441
971 -282
328 -629
113 -859
-200 641
-343 656
-127 -368
-390 -868
554 773
921 253
168 791
396 -215
-860 890
-956 182
569 397
477 -452
490 -795
725 -1000
-913 802
457 595
-390 597
-234 342
965 -412
-674 -132
-369 172
35 -12
-770 434
366 -790
-206 24
640 848
-97 853
185 393
-158 911
-363 -160
-826 515
-87 -579
-225 -110
973 967
-696 709
948 803
976 974
-201 -635
-132 990
-642 709
-7 -161
-280 877
-219 981
-384 981
-389 -241
315 -222
-826 -144
-536 -8
475 384
277 927
775 253
495 -993
976 -165
569 -730
-899 718
-584 419
631 -446
455 451
-269 130
-151 -452
-428 722
-893 764
271 -564
-571 170
629 407
884 -688
399 -270
-912 628
-937 724
-503 -260
-843 -300
273 566
966 141
-397 862
713 359
34 748
236 -729
791 771
76 910
372 786
-440 -362
932 -982
-133 -223
529 -347
-864 649
-368 803
-869 -40
-912 781
-205 -895
305 -683
-154 70
-932 -500
-517 -381
-784 330
-75 947
-585 -745
933 -598
-120 174
416 847
967 399
598 594
-399 -963
-186 684
802 -709
810 632
-50 908
782 762
-188 -991
145 -919
-200 -991
-15 -879
-735 -573
26 -50
518 -732
183 841
98 248
-127 37
-946 -545
-249 -157
59 -899
-746 142
-934 924
602 -198
543 855
402 40
516 -340
-257 7
-463 554
-986 678
995 -33
589 516
677 902
833 -67
-276 -639
-391 312
-298 64
-674 -311
-495 982
-509 753
437 -908
-830 -697
-687 -567
250 274
-699 212
-133 -714
212 290
-178 -945
-858 -578
-510 185
845 395
-926 898
763 -99
-279 202
-193 -63
839 -572
566 159
-795 -278
78 752
579 4
602 468
-734 187
-415 -315
-854 -265
601 -434
928 619
-811 -283
759 -709
-659 -754
-429 -651
-45 -918
952 94
876 164
-107 445
692 -317
-360 639
-79 -199
-149 222
896 -642
-662 528
-363 178
408 669
-921 680
28 -240
600 993
924 -827
-136 -407
-907 -229
-410 691
-18 517
-553 -715
-375 857
-110 -960
579 -94
-880 -46
94 833
-504 382
764 -814
831 674
-830 -789
480 254
-897 -194
-542 143
816 212
-300 -43
874 222
48 -130
140 -962
-595 -892
468 -993
-956 877
924 -789
-868 -63
126 -224
-744 -944
-602 -471
-447 872
-573 387
-14 271
716 201
-865 189
793 -71
519 790
121 -977
-440 -445
-499 -414
725 -961
-266 -384
952 172
838 644
574 -266
417 -559
-661 -458
729 -616
-992 -288
-849 496
-711 800
-693 817
793 892
386 -335
173 40
-938 -189
-775 576
285 67
-771 567
430 -32
924 -305
438 868
-263 -510
724 16
-360 52
394 384
816 -956
312 101
-27 659
-143 -944
808 -734
424 -910
877 -24
-472 133
-915 -52
751 -927
-403 -131
-574 692
-31 306
-81 24
642 781
806 297
481 -110
-154 736
-597 224
-540 85
-738 -260
830 202
-108 -253
-424 -853
657 -916
524 91
-142 590
-642 974
-920 449
705 49
-344 -975
-627 984
-445 145
-378 -990
915 65
-661 -948
-971 -245
23 113
438 632
-803 279
-63 -40
-491 264
459 -632
-475 953
512 -793
-79 -621
-748 256
-773 76
440 -927
-125 890
-75 -613
116 -988
-713 933
-120 391
-4 80
-614 327
980 293
488 -666
117 705
-389 291
-723 -941
-181 879
440 -486
316 51
-532 -270
-629 -779
834 -815
-211 561
876 -9
-364 -290
482 87
108 303
-667 664
-694 216
544 -639
-480 43
-679 -852
-695 846
138 749
199 -861
-866 -471
-665 669
397 -947
-811 -285
-691 -810
423 911
-441 -374
203 678
-330 -624
591 -891
544 -568
568 54
80 3
37 -17
-232 -164
855 -743
-59 -180
342 -619
767 -617
804 -509
255 -622
85 -499
-1 -860
828 -630
39 -269
-783 733
127 -564
473 477
174 878
309 -183
406 -462
-707 -351
114 -299
229 984
-929 730
634 111
-277 467
-101 -45
216 64
-590 -531
694 -149
936 368
917 367
611 -362
-951 582
-200 121
-428 -891
636 -42
636 89
87 -865
-215 -184
-117 798
-279 579
-383 398
431 424
240 251
-863 -899
-790 -768
187 368
-521 796
548 -825
180 226
-121 757
-344 -238
-116 9
940 -942
-247 253
-950 45
322 -692
-69 -556
-380 822
-200 111
47 773
-28 -197
-155 -801
537 -964
-458 -878
690 -707
-832 -708
-626 -277
-484 487
333 585
194 -211
796 492
357 -876
509 -627
223 -946
-869 -144
502 280
-990 -697
-30 -521
-54 -550
-606 128
129 769
-596 -387
17 -879
945 111
-410 -948
921 -444
-511 97
-437 48
-962 688
-540 -824
-409 -53
-681 -409
-52 -456
787 -525
300 955
-392 723
-746 -738
-441 -613
-989 61
354 834
597 -656
143 -842
-649 -627
-760 -416
-568 590
200 -265
156 41
378 -499
115 -69
-32 -147
306 143
759 -677
-859 352
-999 982
-966 -589
-77 935
907 236
42 -86
186 -816
-915 37
556 39
-104 180
-127 -557
-870 -776
-266 -547
-668 -151
-856 -385
-179 -702
-990 -512
682 -243
-742 -410
354 -7
179 905
79 -279
62 -929
849 188
994 -539
-769 499
760 526
-508 978
958 680
526 -481
-66 356
-640 -865
-354 -479
-92 118
-687 -611
-612 549
305 227
-663 -294
718 -949
15 -912
477 -991
891 238
918 -550
-710 -61
-866 -102
145 866
207 -36
257 835
-333 -251
-433 753
783 -781
-669 -446
111 -263
-373 -333
-245 -835
-520 -125
-490 748
-93 359
206 260
890 625
-288 -56
925 -411
-174 -276
758 -663
-756 -494
48 911
-274 106
-962 125
-887 -548
-638 480
-364 477
87 373
-703 189
369 -304
-294 -280
-801 -697
-217 -384
-535 681
683 -510
-827 -680
445 -424
870 -26
-624 815
-670 -97
-416 377
-254 -50
833 -115
-23 516
424 736
5 210
332 -811
319 767
-129 -876
320 656
-793 844
-656 237
273 -895
642 715
-683 350
145 -89
521 707
-464 -329
-278 280
-565 629
-751 446
-291 472
336 728
-510 969
-278 726
161 129
815 226
637 413
909 713
162 -326
85 614
164 340
153 -340
30 482
-233 922
-469 314
-399 580
-540 -464
-116 387
756 -138
-677 882
342 739
-515 849
-797 -71
-580 -657
-196 734
-563 -130
-270 -830
-734 -128
685 650
481 766
-142 -953
97 758
640 -896
645 -40
-681 47
513 96
700 -363
-799 389
503 -835
-511 854
425 855
-262 857
-158 -944
-944 -736
-285 -336
377 916
-998 -518
58 137
95 -200
248 -192
-913 274
-784 -454
-682 -314
-189 409
508 411
362 107
-872 105
-708 819
-437 -75
477 -510
428 -725
-170 423
880 -858
-510 -932
-876 795
-666 -11
295 -852
99 -52
28 -416
370 431
841 -788
-958 -740
870 -124
392 -274
669 616
-824 978
426 322
580 -442
193 436
-785 -428
-625 -357
191 248
-875 369
-4 473
-377 31
62 794
779 468
792 -200
-938 823
-919 322
724 -29
786 114
-739 -108
98 -67
-302 -789
-277 -233
417 -817
451 -57
869 943
-36 -140
365 -750
984 -836
115 3
-803 833
620 -70
877 439
461 -878
-550 -71
-958 -288
425 673
-749 73
-937 177
210 153
-943 212
537 773
-871 -716
544 414
175 372
306 -700
-997 322
308 440
-870 82
785 -462
502 -450
-222 646
-330 186
-323 -836
22 196
-994 73
-453 -30
150 863
647 -66
-952 -2
-818 468
690 -201
-34 395
-306 -769
-390 -159
-120 157
642 548
-279 146
-482 -406
-838 -102
-287 195
352 -930
-5 335
-681 -125
-742 518
298 -161
746 292
-399 652
-495 -272
581 505
-50 917
-611 837
214 225
-570 798
-793 503
551 -50
-895 118
-716 -247
-526 301
826 906
-184 -31
404 -490
189 -752
887 -115
187 278
821 29
-155 437
-263 -193
-443 -245
-249 -688
190 -282
-176 -702
389 -945
-957 -455
-497 47
-968 -802
808 -792
-350 207
770 -777
-229 629
515 -592
-369 95
-636 264
-452 238
-19 -312
426 704
580 200
266 106
-791 440
-70 -825
-784 -846
91 999
385 320
-59 -764
909 -707
324 281
382 102
-957 317
-239 -688
-206 454
144 634
414 181
-324 -558
782 151
-60 372
259 880
27 -959
831 386
-468 -874
976 447
-778 -454
138 572
784 -666
-759 239
-117 701
653 -367
-379 876
-269 604
-665 908
-949 -819
-56 -568
-581 -473
-719 621
601 -149
868 -882
-855 128
-167 717
134 -929
-871 61
719 689
722 665
-831 310
289 491
968 922
-580 603
-83 960
-846 628
-966 832
237 952
278 427
453 800
-282 719
25 113
762 -949
-556 479
-511 -57
542 913
-381 -876
-812 -345
495 -591
-436 -62
-108 -667
-690 -34
546 -457
301 707
216 -813
847 -628
-652 -683
661 546
465 -505
218 -365
-711 706
-106 963
-522 -14
108 -753
331 -766
65 -882
-67 -210
-612 -745
-157 177
624 259
663 -893
951 870
-984 -241
481 113
-464 -749
941 -715
-626 -376
775 968
367 -977
468 821
-404 79
-436 72
-193 621
898 -687
-491 380
928 -887
-365 -952
-985 -250
801 25
541 -345
874 770
-431 202
3 632
-479 -530
431 564
769 972
-459 -946
-517 -675
-183 -619
395 -167
647 -858
-296 -754
798 -889
-874 -976
620 -58
-692 902
-381 -892
283 418
104 -441
-669 462
-322 243
-11 291
37 85
-230 274
-134 236
333 166
110 -273
817 -158
197 376
-398 156
309 -547
924 -423
-927 -121
-271 919
-856 -730
332 -515
-728 531
895 -294
645 274
290 786
996 -597
-175 930
180 -932
-640 488
661 -731
643 209
-560 103
803 -615
-830 -959
-34 603
-157 881
-314 -43
763 -976
-412 658
558 177
621 -283
865 437
-103 931
-859 -484
-876 373
-405 -821
635 169
755 550
974 385
-570 683
-928 -322
584 460
-264 351
-582 -605
-779 -387
438 -592
-175 -961
-14 0
-28 -809
249 554
-527 371
910 947
-794 777
-876 -127
-670 137
185 -842
271 49
-364 515
-910 -198
-802 709
-680 421
-190 -401
326 721
19 172
-408 342
-809 789
154 437
569 701
824 301
-78 976
769 267
1 -194
806 62
774 -392
868 700
642 -162
299 942
734 -800
667 -761
-925 839
124 -606
-333 -630
744 534
-724 138
658 448
484 -278
-438 967
85 -737
-220 -553
274 -610
-962 -269
239 338
864 904
-18 588
-380 556
-58 725
793 -166
-212 993
-467 -167
-4 526
864 503
40 -115
-432 353
-494 54
467 -831
13 317
-540 859
-887 -434
797 518
844 209
458 -241
-762 749
-732 955
166 -422
-607 -369
-410 803
-291 -632
-472 -439
-597 777
983 -907
448 -974
-788 -696
58 -954
-489 303
579 -241
-412 548
-446 -927
-443 277
392 -44
-51 -303
-576 -195
69 272
702 726
695 -249
567 -105
-450 456
266 43
-723 -591
-885 341
846 925
-102 -564
487 -228
212 88
-717 994
-128 -986
-977 67
-91 718
927 -32
-531 -755
-412 -811
-103 173
177 -720
-556 -735
686 -3
-308 128
694 250
971 -698
-421 470
-951 841
243 -309
317 -505
638 -890
-257 852
-418 465
-838 93
-572 -93
314 -140
284 711
-695 486
414 543
-899 821
199 -99
934 246
-209 324
-503 -438
171 161
628 62
-451 -437
-859 344
-917 -531
-493 -6
694 -785
624 472
565 614
43 -149
132 352
670 -10
671 -703
-751 -920
937 -253
304 -376
-568 837
-952 -994
-202 -696
324 -997
100 -89
131 -40
-905 234
727 -677
378 609
-612 -17
579 289
-987 899
-824 822
464 69
-261 -440
789 -538
-484 -640
-188 -300
938 65
-36 825
-427 -825
513 621
234 761
-550 986
942 686
121 -838
949 -609
-85 181
-455 -793
666 606
290 -229
-118 -235
341 -935
-610 -466
-856 -136
-815 506
570 -330
664 655
-471 -306
721 900
-224 -655
280 617
19 340
-600 466
466 -389
732 -249
-579 19
371 -350
521 -317
-764 72
-664 -674
735 106
300 -912
547 374
516 -740
252 767
260 580
-502 -881
-422 358
167 -978
-29 -329
-438 -926
-923 614
171 860
285 -357
15 -662
165 -822
616 -915
-399 -322
451 -137
-611 -76
-31 67
-238 629
-554 199
226 -556
-57 457
-884 63
310 937
992 -650
-990 -649
733 844
290 398
-351 -805
985 -157
659 -71
122 -639
891 282
18 13
764 600
-745 -305
-240 -119
-561 82
-215 726
698 -371
-674 948
-321 764
-57 950
97 753
-115 -555
-972 329
-511 -371
-875 535
380 -366
40 965
757 884
-896 646
-198 -978
6 900
813 -321
-905 532
-496 8
972 898
487 85
558 -614
629 400
659 -180
-444 818
508 241
49 -399
-394 -300
-538 721
515 105
984 387
783 854
-8 -642
843 152
115 -965
-308 825
936 891
-205 -973
-830 -835
327 -85
950 -82
-492 -518
-793 452
526 -884
-352 -633
492 -63
487 -330
297 770
310 -815
108 -16
590 736
302 -800
839 -220
164 -854
-515 -550
-246 -62
-716 996
-64 903
422 995
620 -849
657 -888
-594 274
608 -214
-570 650
319 -470
-381 -825
179 -538
415 513
-820 -904
984 636
972 -451
-581 -341
325 -227
798 -503
-768 -875
61 835
-861 -554
-155 549
-732 -966
-450 -400
-811 352
-305 -95
138 -495
342 -646
817 -592
-41 -639
-921 -306
-223 319
-486 -633
-442 -144
911 141
196 843
551 -13
583 642
886 -64
-383 382
-602 156
814 -564
-966 -112
-649 920
-877 -500
306 371
-308 239
-179 497
501 140
-12 78
650 -138
318 -156
-959 390
-366 -122
-573 -981
808 -286
-741 -590
527 813
-684 523
-576 -231
-628 -317
-540 886
848 830
63 732
-283 -983
904 941
-351 -304
-572 271
276 -112
700 -54
734 -822
-869 632
-551 -645
16 -484
-295 -172
457 -369
-144 4
-241 473
469 871
106 605
-540 666
80 599
54 767
157 -894
-781 715
-250 65
373 -897
-522 -63
733 934
435 288
-731 507
-36 -564
-430 -38
580 -370
-845 191
746 306
245 181
115 -681
544 -470
-6 -737
649 -966
-320 184
587 -967
485 412
-63 -783
-146 -606
430 907
-428 929
472 -68
-407 92
965 145
213 -147
-588 439
342 692
-355 834
-875 -794
507 -194
-584 -453
824 26
668 -333
975 545
751 -395
-26 -410
-732 -653
587 499
519 40
-590 -847
55 232
-409 992
459 -296
990 701
-568 987
-132 -467
-353 -999
556 756
581 -23
985 -649
-308 618
483 621
-563 690
-876 -917
-493 -764
101 -210
439 -940
-122 895
-879 -26
718 -706
782 409
-121 539
-421 1
-518 135
16 562
364 412
187 -962
749 -711
-343 -948
-604 -716
-891 391
-704 -551
-822 995
-735 -224
380 128
282 349
87 437
-328 -229
-714 357
874 259
78 -232
-404 616
-512 -457
957 836
679 -757
863 -288
-65 -156
-821 -623
225 621
-191 -574
649 545
-254 -754
-159 435
-883 891
672 -240
-656 -356
-119 -517
434 -20
-589 -655
-299 169
620 -193
-144 579
-199 -934
556 -562
147 -432
5 -784
646 616
268 816
-497 715
-404 -689
751 39
-712 635
-129 -155
339 -752
-641 645
71 956
600 634
696 -66
850 431
263 -325
781 -257
822 -331
-874 716
391 977
-638 -535
183 420
962 -761
-880 838
-235 -648
87 486
580 455
-652 775
691 -873
-843 -184
-257 476
168 -89
-89 835
-45 -890
282 -110
-289 -360
776 -936
-265 503
995 372
361 -78
-421 299
145 -224
475 172
550 -2
-577 825
-179 -804
182 934
982 690
-317 164
-24 848
-898 -834
-289 305
-182 -245
-274 -79
-413 -386
252 866
-936 -473
636 840
-337 -707
-662 497
-542 -713
809 -714
49 113
556 -328
-745 -69
342 -524
-422 -750
197 -104
655 -679
514 113
-135 692
685 422
-204 146
895 996
659 896
-124 -66
182 -402
-808 -318
321 -712
-984 718
317 -56
3 816
403 316
-796 -920
830 -439
-489 -268
690 983
768 -65
-144 -184
-985 -490
140 -819
924 604
460 -545
646 344
485 585
-252 -714
-339 90
571 -822
-879 -173
276 598
950 141
946 944
-376 633
-331 678
912 111
801 -568
-362 -446
287 -733
999 113
-808 -1
142 122
-960 451
-968 771
373 -76
833 836
41 938
370 29
-393 252
-79 722
484 -478
216 222
650 446
82 440
137 -6
517 733
-962 -510
-10 335
723 -416
-531 -483
-37 -649
-74 764
-548 99
-312 -819
542 415
-22 -46
-388 -557
13 -73
846 723
411 430
477 -802
-891 -858
-123 -700
749 732
907 -949
-921 204
619 -653
517 -860
152 -94
721 -491
-423 46
-718 551
355 -890
-41 -158
-153 -178
-979 952
219 942
715 219
-995 -249
326 -881
326 -914
-913 724
-988 -335
-422 -543
623 -489
-161 678
-63 -21
529 379
110 280
656 -320
-157 867
-282 563
965 -441
-886 -247
-945 -700
912 836
385 -137
6 -466
-638 -711
-382 54
86 -450
364 -384
-488 -831
-229 298
972 668
563 -325
-518 930
266 761
-860 -729
-821 -586
699 258
-321 -451
484 348
672 -692
-226 -89
126 144
29 931
-374 25
-975 594
580 -432
904 962
-762 -649
628 120
416 -99
398 -742
718 -511
585 -978
-572 -926
370 -32
15 623
756 548
862 250
-128 722
269 -139
265 -794
-369 832
837 -293
223 12
-36 946
53 866
-89 852
9 -337
288 -440
-604 -820
-906 618
260 965
721 616
-784 602
-296 -99
-335 574
-90 -379
287 -875
45 -611
785 -453
-737 492
682 -727
-999 174
197 -213
-15 -73
-193 371
-175 -845
-963 -47
-385 596
312 -618
933 554
237 489
480 -313
398 -353
527 30
964 -943
184 214
-536 846
-845 -426
-819 -213
-462 -222
-271 -295
-515 187
928 250
-102 -355
341 -447
-370 146
-621 -519
-530 144
-44 -34
13 -787
-920 -384
84 -649
679 999
-541 798
112 55
-720 -524
-975 -999
-80 168
73 18
-688 656
-108 -665
-812 -636
-761 340
721 135
-17 660
655 -575
759 477
455 432
659 205
-855 -236
606 -583
-619 -606
252 410
267 -160
-368 701
-561 -165
-298 -828
-52 -925
655 508
496 -909
162 524
670 -423
-819 -319
-554 885
-901 -251
-40 -387
1 -775
-920 -292
-582 788
921 279
887 930
383 518
972 221
286 302
-749 -242
53 136
-297 935
456 -396
-346 499
573 -743
-888 229
346 817
-39 604
119 -447
509 -721
-222 107
259 -903
678 -923
818 42
55 -760
-522 939
-998 692
313 -873
-592 -567
270 -885
516 188
-151 -162
-550 -207
5 461
-536 528
660 -547
894 -613
59 541
757 -183
-318 785
466 -289
993 -478
-782 195
732 894
-192 453
-541 637
362 548
-363 -433
86 -897
862 -420
119 509
-452 822
526 613
-425 878
-694 894
-712 420
743 642
-858 541
679 -814
-164 -206
-593 -464
57 -425
474 -492
-823 -933
-833 841
935 -858
-681 -988
935 -16
285 449
-201 729
-580 336
385 910
217 350
-892 -167
-741 -452
-31 -441
-629 -213
187 970
-841 699
-726 46
-589 168
-763 930
574 -252
-799 -571
229 -506
-201 -67
980 840
782 -713
245 629
-977 415
767 -748
-823 -245
322 -594
-53 548
-58 -337
-149 -900
-256 563
-296 187
335 773
407 230
385 -357
53 -172
-895 782
-568 784
807 571
349 -158
-333 -525
158 408
-328 112
523 277
653 -468
650 -523
-660 276
-945 -586
-107 -952
624 -347
765 264
-435 -428
-456 -657
-922 -605
858 -490
-623 -183
-826 -706
191 -178
-195 -325
-917 -742
702 996
126 239
695 413
752 -673
753 870
-565 -853
-839 -747
-225 -506
351 -110
-591 -819
499 119
-338 -449
25 -220
-810 -318
-14 914
548 -942
937 -236
-222 -611
20 -81
-952 -791
-614 947
114 528
511 414
-538 -917
480 -162
108 918
774 875
97 793
-890 -170
512 971
626 319
-684 565
-42 797
-295 668
-504 -16
-735 650
-357 -494
-941 -230
335 375
987 -613
186 -919
-383 831
-310 -713
-810 435
-474 -298
770 232
-100 261
-101 -849
890 -723
-220 126
-887 -855
164 168
-595 -985
125 169
328 -611
255 213
-860 -793
96 -804
-121 800
-525 337
813 650
287 48
141 174
647 250
-280 213
-856 829
395 -144
507 658
-758 -776
655 -246
296 859
-101 -451
944 -214
602 180
616 482
-947 -776
-804 -892
-759 311
294 -499
337 902
519 747
8 -359
-719 485
546 -465
806 816
911 192
99 -502
5 -68
2 297
289 -132
348 88
547 220
693 -361
852 -126
-268 -757
699 -1
351 -805
-151 -838
-46 665
495 541
-80 -339
612 -469
-517 -905
-690 -823
386 260
933 -649
-789 -287
-518 -659
-607 -598
730 -354
968 438
349 665
721 -252
876 -685
-482 797
919 -4
951 -239
757 825
181 -757
504 -679
-547 -226
-201 -866
629 -989
-145 489
420 586
-589 288
170 -395
-616 955
244 416
156 49
-572 304
-864 -229
412 454
243 -234
-555 962
268 -876
-225 -197
-698 950
115 911
-181 906
-247 422
-864 -36
-5 -865
550 81
-360 -372
-475 -902
151 882
873 -191
-640 896
629 -616
906 814
179 -377
453 936
756 751
-405 -603
-255 608
494 396
859 -884
548 382
-127 175
-276 303
774 414
-539 -192
-852 438
779 325
-783 -112
125 715
-669 -36
-329 486
-455 -517
-768 19
261 -133
-466 -403
-199 574
-357 39
-162 315
-263 262
978 -716
648 -625
183 894
-304 -934
465 -303
-210 -827
-254 454
-553 -385
700 -700
557 577
184 808
-582 83
-231 -815
-600 -703
-132 161
-736 508
-588 882
389 377
-322 -929
130 606
94 -210
11 -923
-176 -404
856 4
240 -94
55 410
-195 -6
-578 -263
788 300
340 497
804 442
-514 -968
-781 -282
-280 -819
868 651
-622 852
-725 -784
-811 665
-836 -974
748 -659
-534 503
617 -201
8 509
-262 740
-854 -943
6 -937
860 148
793 -58
-951 539
-174 -992
-210 -896
-796 900
-486 -232
-462 286
-414 242
331 -917
-621 -520
614 -300
-743 598
-110 -284
959 962
-623 663
696 -951
54 926
676 301
676 257
448 -669
-357 610
-674 648
360 737
-998 -295
929 -76
-742 -266
168 17
654 -139
-343 -359
176 -893
-866 -53
-360 -572
113 895
-950 190
-100 -617
-961 718
768 529
308 -735
570 -847
280 966
53 -386
-593 -992
668 -784
945 150
-119 748
-673 613
-107 601
806 146
938 -28
-415 234
-54 -765
-451 749
304 -652
-596 -421
-540 513
646 728
-748 363
256 -664
-190 521
-600 -317
427 337
353 482
-341 -247
-917 508
-420 407
843 -967
222 -971
40 -900
703 893
-937 -481
-854 290
668 510
698 -761
657 -103
-827 614
-722 -582
-745 -795
-65 983
-274 -840
-942 188
-42 -990
831 -73
-695 447
336 517
-705 -702
518 821
-327 33
-892 637
-714 -77
-390 718
527 -562
-397 667
-120 584
-157 974
538 327
421 195
-324 -576
866 766
-201 983
-917 -837
-791 -52
171 382
583 -318
575 122
939 265
-843 -65
-548 -17
181 -778
-827 -893
409 -608
-625 196
-519 526
451 908
-787 317
-134 110
-238 -372
-622 964
834 359
557 -708
-890 -275
776 946
-468 857
-681 670
-337 966
-756 -366
-8 -203
195 729
852 -438
148 525
752 -795
-388 128
-314 -1000
172 668
624 -511
-96 221
-78 -717
872 411
86 444
144 -714
224 836
136 -613
-48 -584
305 -858
361 -916
399 304
-733 -876
510 -927
-212 -694
302 -533
-477 307
245 12
237 3
127 -770
-55 -286
758 -511
838 -201
-293 -702
-259 -138
910 362
-490 46
489 -41
42 350
-302 554
35 464
-235 -584
261 -865
-466 836
-238 799
-518 320
970 -525
830 -853
712 51
-282 -521
-552 -146
-431 -843
185 265
-996 932
-779 637
-855 -474
815 -978
117 44
445 -311
-662 -388
-56 -750
788 -61
957 -571
-74 121
628 -174
-197 -427
-481 -258
-680 -360
372 -1000
735 -520
-39 -514
-68 599
-410 -27
522 807
-669 -882
-240 395
-444 689
-535 101
-750 258
184 630
-509 600
-423 683
-139 328
-183 970
-693 994
829 247
65 676
300 62
-143 482
-158 12
700 401
73 41
-372 744
-897 231
571 918
-626 -180
763 529
-972 364
-120 728
559 -119
-949 290
-280 594
919 -935
-287 687
430 -800
-1 -47
-680 174
-327 -211
-186 426
-60 924
-162 941
10 13
-390 -715
-956 -200
433 -141
903 862
-116 -407
623 890
738 -856
-547 -578
494 139
333 -375
-457 906
-371 -483
724 245
-774 -830
57 788
501 -163
-906 900
-317 -523
708 323
284 -812
-410 -335
-787 789
-474 535
88 -58
-42 -498
-83 -351
967 273
684 818
736 264
350 737
-846 885
143 305
367 545
-660 -723
-236 -739
-564 218
918 -728
-607 -412
477 -918
103 -826
-50 623
600 -54
134 966
-552 -236
304 -756
311 -706
987 -716
-453 853
161 803
862 -380
-494 193
-299 480
149 516
-84 69
-674 -540
-268 184
643 218
513 878
-965 -846
276 -519
-968 -570
973 -81
-646 -636
400 -698
-447 33
-732 110
-261 -268
908 -104
644 -457
-91 866
-126 -321
-363 -604
209 714
867 947
170 -184
503 168
-992 573
647 670
-651 384
-848 -537
876 -200
-178 -757
740 559
957 936
749 -345
-978 34
760 -640
410 -450
-549 570
509 -831
-576 -487
71 -103
589 746
711 -737
258 173
-402 -939
-28 188
29 -936
405 500
-543 -31
-16 261
385 377
850 -506
714 -89
-830 -332
-443 173
-408 765
463 -678
-882 -625
916 716
317 980
893 -388
-743 -125
-170 190
-353 -487
-583 611
-469 662
-575 658
-308 477
-178 -189
-80 641
991 -949
522 838
599 -894
626 52
-423 -427
706 142
-677 -903
-14 -401
834 59
-813 940
810 980
92 -424
-34 986
290 -70
-184 -243
686 -717
-315 39
571 -268
-520 -467
-180 -985
-795 379
-306 751
-464 65
279 987
-235 -129
233 -388
-162 546
330 615
967 978
71 -27
-185 347
-983 895
-583 550
988 101
-234 -559
400 988
-489 872
-444 -545
-421 -720
-129 802
915 155
200 -37
-354 329
908 -633
54 -343
-871 141
22 -166
-950 865
-136 -804
-62 -658
-338 876
879 146
903 -680
-685 904
427 -777
-856 621
330 331
378 -510
-662 854
54 -595
-857 914
688 -387
-42 -311
22 -633
471 666
892 -574
-882 119
57 -900
-722 872
21 -166
-733 205
13 543
-549 -911
460 -733
509 -727
-237 594
54 467
323 286
861 783
508 674
608 110
245 321
-805 -317
-697 -299
-303 979
-443 -574
319 -331
-597 -165
187 149
599 -781
-797 513
580 183
-919 774
-674 461
304 492
-10 368
-834 380
-859 -4
-285 624
-186 -256
-986 36
134 827
145 -666
-417 973
-767 -756
136 479
-991 943
706 -453
243 835
230 909
903 -930
-184 -391
-147 -855
380 171
305 557
-483 -442
997 -1000
207 737
-85 326
-572 -186
202 -784
138 323
978 250
-682 466
460 290
166 -424
-11 -910
273 754
897 -939
40 643
567 889
-532 -795
-500 770
-362 -877
-101 -236
-866 -733
-44 129
518 -983
303 -764
-563 -544
20 820
564 699
-629 384
-483 901
502 633
590 892
-539 -576
-282 -215
-10 894
272 517
79 -743
-46 420
694 38
-663 852
-381 30
150 -287
-886 -849
-113 -466
882 -888
-304 470
-804 727
38 -576
-483 505
702 155
-682 -312
748 -33
-847 -326
-539 -670
-166 -139
0 -863
-822 -223
339 -322
-234 -354
-548 363
-407 -396
953 -259
602 76
529 -643
-333 163
-96 -331
183 999
-6 -498
-73 -501
-665 -471
-279 78
804 -535
-709 171
123 433
-244 185
205 285
592 334
420 -328
-484 90
-352 44
-276 536
-219 -844
160 904
-422 -538
-476 -232
-538 -678
665 477
262 228
-481 -944
-536 -657
-679 311
649 -478
628 143
-863 776
-79 -502
-317 -166
-207 594
-820 390
-413 898
871 -672
598 774
-813 422
1000 -306
-596 195
-31 895
66 -642
846 359
547 -338
-548 -867
720 277
-796 -694
-131 162
-518 901
96 -133
-606 -126
724 252
-150 588
265 57
-233 -908
-170 145
-220 265
492 989
-410 130
-953 -795
409 274
531 216
335 804
-709 -976
517 639
-534 275
-524 765
670 81
-214 -569
-267 -104
-599 -593
-791 -983
598 244
753 -119
-873 539
663 -656
-944 -664
346 -324
-924 -300
-275 -681
676 -495
-975 -538
-954 895
567 -1000
261 95
522 729
-772 -635
416 -814
-355 462
241 12
-278 -925
169 -726
-765 -670
934 -629
-252 258
-835 -369
115 124
499 524
-994 -838
610 -8
676 596
-393 479
184 -827
116 301
299 866
368 232
939 -305
-434 42
-132 623
-300 -885
-71 -624
-612 623
983 244
846 312
659 -487
264 782
862 995
-775 -312
-349 71
-32 395
-684 70
-760 -162
574 -198
357 -512
230 -722
877 100
86 -201
-116 395
221 -235
-570 568
47 343
-341 -316
-883 708
-478 -632
-385 95
594 -891
-780 98
510 -525
-408 916
-105 -421
833 733
-395 -774
768 431
64 -712
-822 16
20 650
560 -360
466 974
-492 -853
34 558
-297 273
-154 -595
-10 -872
-283 -653
834 578
957 -835
260 554
-726 21
-534 -224
-291 392
-193 -278
-743 -741
-667 836
251 -354
-910 -854
504 -814
528 370
879 -292
242 -808
-408 -685
-867 -483
614 -686
-335 -86
626 -43
-285 -779
-743 91
-645 156
-991 831
173 70
-278 13
679 927
-702 907
549 -475
-98 -937
-275 461
586 523
-318 704
-335 238
188 -352
717 549
-164 734
782 938
-166 645
-839 448
527 -419
-443 -268
-881 498
715 -814
-338 166
-796 982
-625 227
246 -723
525 559
464 -303
939 -537
345 -25
601 338
978 -950
-725 -780
-76 873
-545 667
-277 193
-681 353
39 -127
967 -386
-782 796
915 -246
708 -578
-177 82
-88 -462
153 -762
615 -264
17 -190
121 710
-2 -10
-852 -875
905 594
887 847
627 -62
-90 -574
-519 -137
-357 201
108 920
129 -609
297 -767
608 807
-201 -400
-577 -805
733 -480
671 22
711 693
-452 -330
-371 -837
355 -396
551 -601
710 -919
286 -868
-145 896
730 176
948 917
869 844
406 -217
-896 -429
-820 225
804 -928
911 504
-880 -6
880 114
-962 506
-9 433
-686 -824
-400 701
196 961
-282 -415
-730 -99
-338 766
615 87
-509 -307
-72 -422
-233 199
539 -407
-346 295
-627 943
501 707
-666 -760
518 -260
854 429
311 734
-185 257
-178 -886
-886 -974
-59 134
699 178
98 -212
-832 384
835 -952
-36 -550
555 196
-840 -763
155 323
17 -926
676 -574
-414 -618
-686 -285
-144 -421
766 486
37 -667
-882 201
282 -252
-104 126
-336 523
703 74
296 765
-997 -981
758 247
-732 -581
-433 537
18 -784
180 553
-714 982
-76 92
-476 -119
-393 -222
947 668
347 -327
700 -553
660 -404
-568 544
-123 634
-653 970
-946 -137
783 -703
-63 -629
-160 496
-722 -438
414 919
828 -124
674 296
403 -138
-500 843
-695 522
553 -805
-304 -903
611 -353
410 -422
-797 727
186 494
702 115
623 -930
-483 287
-392 229
-766 -918
-713 595
-267 804
-851 113
-977 -155
764 209
725 -812
-109 896
329 612
972 519
749 -40
594 370
597 -93
-56 -543
376 -106
-301 -291
-653 -158
608 271
-716 152
514 -602
345 64
-317 -833
-436 251
-824 -70
712 577
926 -340
-159 291
-456 250
-734 -619
977 -681
762 -514
604 913
-226 619
-760 365
687 -703
551 209
-772 -250
518 69
-895 -377
-106 702
295 -840
619 -539
-964 384
-291 -92
-72 -671
-423 823
-761 -361
626 860
-741 314
69 -810
16 -815
-271 927
118 -339
555 -89
-811 -465
48 20
-206 921
341 377
178 -758
-69 -680
-20 -815
46 759
591 -632
969 658
-439 -710
795 962
140 -348
302 504
531 388
-966 -419
875 -622
328 67
303 32
-119 -623
-161 698
858 -782
-580 517
992 -674
-242 11
-418 -537
-960 602
-387 -254
738 10
766 55
-438 -146
674 239
288 -646
-871 -600
410 483
327 -227
-74 -470
553 585
-700 262
469 -99
-810 -771
-270 988
-288 -141
716 854
-375 677
-62 922
-773 156
-519 -504
278 894
643 9
-818 161
846 -121
334 595
-184 664
-684 -423
337 -793
817 -4
263 -422
-81 352
976 130
-300 -798
-463 352
946 277
764 321
33 980
294 -89
107 802
893 662
458 67
-683 -606
293 -315
-667 -142
-881 66
97 14
593 728
553 -307
655 -371
-477 913
-978 -842
-62 156
683 -323
628 -229
218 -848
-505 -149
492 177
83 804
908 -317
-839 553
-938 -415
-505 -547
699 372
-578 491
-437 816
-815 489
826 -986
-333 -936
-530 123
-408 886
-268 -416
-327 -145
894 -171
-16 -513
-653 -318
-133 -937
804 -696
-577 941
-23 -972
-711 -416
764 467
258 814
43 -308
-278 -872
505 714
232 343
184 -659
228 -150
317 -888
514 678
-634 -956
-521 -853
559 -275
-157 -40
-70 584
706 -169
-528 -312
-504 907
-57 -640
65 -269
-610 650
-313 780
-402 866
-259 -570
553 239
259 236
-465 -956
723 -5
-62 -345
944 -185
-659 698
970 185
752 653
102 111
-342 283
906 58
858 -926
-892 444
-786 -386
-623 -490
900 705
276 505
-265 -834
-932 406
653 -95
-468 -275
530 680
768 -530
-692 179
-81 -677
656 48
-107 468
461 364
-18 206
-785 220
-139 555
-47 -479
-991 -66
-29 -862
418 -808
-503 -317
179 -324
329 232
915 870
-456 -686
178 997
140 -3
-665 956
-875 -682
-83 644
-619 480
-697 327
-544 380
-384 945
416 665
797 -456
990 -410
39 67
696 70
51 158
486 827
513 -295
-218 -463
310 -413
-860 -739
630 -219
-376 -525
-268 68
-859 970
-653 -969
270 885
159 826
392 964
325 403
-324 936
589 -560
-239 817
-728 -681
478 614
194 -231
728 873
-165 -38
-82 192
-953 -562
-85 523
-160 -778
-781 19
230 -854
925 -885
598 425
-505 -271
-543 -892
-271 852
146 -458
655 -667
-597 -275
-393 -11
-542 806
799 -182
-82 554
-622 -960
575 -664
-957 673
235 -981
130 49
-642 375
464 568
290 -623
373 -14
-306 97
-751 683
379 326
755 963
-644 -774
220 837
-232 90
-739 657
847 969
-53 -474
335 138
231 708
504 431
-940 -265
834 907
606 705
235 -769
202 -745
-35 -438
767 413
428 443
-75 711
-709 645
-923 660
-155 987
-997 415
-662 781
-719 -998
654 22
-745 778
544 -13
-578 521
644 989
-889 338
-126 283
-604 -993
-820 176
-128 -317
473 -160
993 -615
-774 32
-863 605
-503 -956
-670 502
-188 -590
607 -951
483 936
-177 626
680 -68
-679 60
-729 626
-623 -374
224 -417
-681 933
580 -790
-110 716
795 -844
-225 282
-985 0
894 -982
-485 841
-287 -104
500 -793
-473 4
953 -926
682 349
-519 575
-96 -83
46 838
202 -911
-437 441
-221 -361
-637 -130
-192 664
-431 871
-108 898
645 158
606 -88
685 -766
459 -665
-865 -204
516 133
182 694
477 -793
22 -578
790 -346
-748 639
-973 82
-116 16
-374 -91
13 776
-517 834
196 -488
-692 740
152 848
-118 484
976 276
-564 -757
113 802
-458 -991
-557 27
664 574
-139 517
-875 -405
104 -139
995 -509
152 -914
641 -129
-324 -149
-507 568
650 254
823 487
35 389
-869 8
-961 -841
321 -745
640 -228
-540 -888
-31 264
-681 725
-646 851
-249 963
-716 -4
-26 910
61 677
-820 47
733 -39
245 -849
-579 -226
480 -61
350 -240
710 -344
-357 -150
-496 -888
245 -77
516 -404
-590 397
-262 178
-325 351
220 -669
-59 397
-18 -944
-845 305
98 58
-610 -323
-853 951
574 -748
-726 -766
120 405
-880 -619
-717 -868
328 845
426 495
-659 -61
197 -464
-982 793
891 560
317 -499
-957 -282
878 442
-352 151
703 -423
-537 -818
-772 99
-577 443
395 379
845 85
258 -872
377 834
573 -672
-980 571
-643 717
-883 717
410 -85
832 633
121 916
-825 602
-555 -82
-68 324
-731 -394
-643 -772
733 530
-222 -982
-992 711
-462 -171
188 420
-234 379
-256 -160
698 -624
-35 -253
-112 -799
-366 -64
-779 793
-704 242
467 515
860 -114
193 33
162 518
-380 59
-719 284
553 498
416 -451
770 335
-625 -199
-100 -492
-557 -159
-150 340
113 608
502 305
-19 953
-945 726
-728 601
-903 582
762 881
-716 97
52 91
81 -668
818 596
-863 -226
762 -159
-150 738
-52 -276
201 487
855 774
-606 -764
-348 -551
-33 -192
112 421
647 781
442 726
615 934
-302 -396
-107 890
436 -195
-353 136
-946 -422
-603 -275
-475 274
-760 529
126 26
-516 -507
913 679
-731 703
591 307
704 826
384 249
-687 258
576 633
-642 369
-410 -22
-186 96
-321 830
60 718
-580 614
811 831
645 -116
-416 -541
856 633
-550 -39
563 -428
408 970
983 814
324 602
-429 530
590 -839
-693 -480
-117 772
-400 10
-606 -415
-852 -532
-842 -721
575 -826
-439 246
3 301
-234 -750
-219 -162
564 -640
-161 -691
-372 715
821 -440
165 885
-392 -5
213 -184
365 -6
-263 288
913 952
-761 -493
191 -67
-21 -286
955 121
-842 686
296 447
-527 -137
75 -836
639 -372
772 -144
930 915
69 -798
985 -350
-623 893
135 478
568 -152
-777 790
400 -610
-293 -907
255 -128
913 -91
6 353
345 720
799 283
-331 -421
39 959
295 689
-287 -273
601 -570
-179 -907
155 198
474 -785
-639 654
-472 496
795 740
811 -872
-223 -169
563 -171
-570 -739
415 825
649 715
-929 -184
-87 951
402 -704
-281 169
-190 -275
-41 395
-545 -733
666 -593
-110 782
241 -925
-633 -125
-811 -872
-635 -53
-964 -857
-250 -487
515 -890
-597 55
102 -265
-46 -296
417 455
351 -267
951 228
949 -327
-840 958
-642 659
-505 -629
860 -485
824 180
53 970
-542 -896
-27 -405
976 39
870 -452
-133 739
-16 991
-179 -396
-405 503
58 954
139 792
302 -106
-556 -826
-651 645
-82 174
995 126
-746 -467
837 -178
526 -566
876 689
336 899
-751 347
271 -924
343 682
29 163
779 810
724 570
-893 -214
-948 650
789 26
-453 560
482 519
110 -103
-594 794
373 330
-132 -261
537 -914
812 -871
-639 -634
-458 806
-74 -871
893 543
237 -448
-99 229
-412 364
41 -861
-429 857
47 692
-970 -932
-24 420
134 -513
-331 952
471 -164
6 -420
103 -326
654 -273
977 603
354 171
-396 369
-443 479
-566 691
375 539
806 301
-517 462
750 320
-800 646
-612 148
-45 -539
998 118
663 -240
-509 468
909 -882
291 -539
434 62
112 -732
-52 574
372 -196
-780 -760
310 -475
-857 41
-277 -982
-364 -22
-88 46
252 189
-80 -466
-95 -859
-517 -584
-479 -320
-222 -134
-599 884
261 235
-687 -806
-668 337
-261 125
-760 -521
36 -491
-648 693
490 -518
-4 -569
897 -518
-355 65
946 862
497 -173
252 -306
348 995
370 -185
-384 -668
-770 -4
525 -892
687 736
779 -242
-97 324
-260 472
828 109
82 -374
720 -464
-428 598
712 583
596 91
-95 -355
711 746
207 -588
324 992
-212 584
-376 498
637 496
304 -473
-764 -333
-68 550
112 499
-909 -811
925 719
719 277
818 -878
483 -179
932 917
754 -164
-333 -519
478 242
-833 -764
-928 -457
-312 221
953 -349
-894 824
390 -767
30 -181
328 777
-13 218
-228 592
767 -121
903 -36
485 254
-890 -104
-18 650
-217 139
-343 -1
-435 996
-483 -793
-87 -287
137 185
-364 -530
123 327
-353 807
-278 -313
458 -585
640 109
-851 -147
-183 -315
746 -304
575 -55
807 -460
-558 0
-395 875
85 -282
-755 -748
-832 -928
872 232
212 -652
235 633
-735 673
945 -505
456 -184
-167 -22
26 -506
533 -51
-511 -944
516 -24
20 211
45 -157
-518 -84
471 848
-333 -436
575 285
-881 898
-329 -250
813 392
-251 -43
-216 -581
57 -487
660 912
268 909
570 -160
-900 -136
88 734
-394 162
-869 758
-301 244
605 812
537 -680
-27 -183
-622 -410
477 748
723 6
843 -534
786 372
385 -393
-364 159
-235 -613
731 -29
-439 313
598 -338
692 -390
400 134
253 327
275 -350
-338 396
606 -909
-680 -853
-673 -738
807 -870
353 409
489 -819
-638 -427
269 -215
-340 283
-926 877
-894 -978
-914 410
-943 -735
221 -476
576 554
-81 77
-110 668
347 539
-106 -868
10 150
-996 -100
762 660
240 -864
722 -945
-312 -840
-210 55
-887 -975
-522 -874
-568 0
377 -611
287 712
741 -385
-483 -493
-623 -314
441 -236
559 -559
-652 909
-819 -104
-175 238
-62 -94
631 -986
-392 -720
549 -560
-447 183
674 -947
-254 677
-208 -127
928 581
69 -117
138 297
45 -566
805 -498
-960 1000
618 -679
19 911
619 -372
316 -256
49 -494
-838 -76
-377 166
-347 1
170 449
-346 865
-385 896
213 -317
-445 636
591 888
-697 727
-874 -333
168 822
-848 -988
145 460
-561 703
741 953
-719 -873
-294 164
660 125
641 -813
-804 -628
-727 -101
413 725
-723 -508
-953 746
897 -250
429 -525
602 537
-760 745
-666 305
23 219
924 -172
-475 135
-764 -178
258 -250
294 -417
279 890
350 356
-355 739
-356 636
-789 -168
203 -64
982 734
740 56
-186 392
-982 595
217 135
-27 -723
877 -735
-111 339
1000 -674
-860 210
998 -345
88 -482
440 -913
950 909
91 746
612 -103
-80 856
-378 -994
276 -458
518 903
-924 -837
-575 277
-980 606
526 -320
551 -398
-11 227
300 -733
838 -262
-706 -77
-518 721
-406 -620
-660 -7
-13 936
272 -863
203 558
914 580
-15 -799
267 -519
-958 383
-848 29
-533 -826
-400 -905
-960 -817
-349 42
29 -329
-215 -440
481 -373
-1000 721
-854 306
-650 389
-251 -451
-278 -549
-727 551
-832 787
380 410
-273 337
-485 -903
408 309
172 401
662 704
43 155
-282 -123
365 -551
825 532
731 326
-797 -795
240 -179
952 -818
-979 220
474 -65
-308 552
-574 -524
-969 -893
429 30
109 627
741 -89
-967 -864
-634 411
485 -707
-164 162
-10 806
43 960
493 405
922 278
-745 -151
27 540
575 -871
858 -658
622 872
118 442
423 139
-704 -724
-766 75
499 -268
-494 176
471 592
-363 -900
-236 267
-287 -371
-272 405
-721 945
-339 578
-993 754
89 186
960 832
915 -183
315 -63
-50 -144
971 293
-886 -329
529 -900
677 635
908 133
-378 879
-903 -441
-440 -449
-634 911
564 158
-103 301
-277 -84
113 -35
-121 -842
300 578
-673 565
618 -786
159 -721
-474 -316
698 -161
371 -612
692 877
153 986
-702 800
504 958
-828 -432
27 67
152 919
318 -922
-970 -886
331 592
597 -381
-8 -6
-778 -12
-874 -859
921 -905
-262 -364
-244 -664
-156 -854
-900 -854
-687 452
-297 -572
-899 359
643 347
-443 -699
794 375
74 321
-962 798
424 253
917 -140
35 -643
-791 606
-981 -527
-368 -177
-71 316
-352 -641
772 54
-764 -260
-875 -81
-551 -29
-17 -458
-82 -86
311 -862
213 356
-649 202
-903 -625
-745 859
979 -158
371 -661
952 -421
511 686
382 -19
398 -288
-448 -368
-1000 -359
640 -388
-255 -920
-43 -384
-268 -1000
-805 -444
-572 407
135 -908
573 214
705 -957
-599 30
-848 -246
926 348
23 -310
-239 -515
857 58
258 11
-450 -194
-47 869
818 207
365 -346
424 458
759 928
-737 477
606 -864
310 47
-607 -16
102 -3
-73 -620
643 -225
-735 975
359 -313
948 755
-378 -490
-671 -468
-289 -41
936 -222
-639 988
-847 732
624 334
-328 104
308 -750
94 -915
-502 969
-910 541
115 -257
888 -649
864 930
-467 845
-15 626
-332 616
702 -848
896 -958
307 70
-393 194
-54 -446
-848 -170
55 -794
566 -410
656 558
-776 119
692 931
-271 -492
851 264
-141 836
-755 606
512 282
431 495
-688 777
994 -121
179 -11
463 731
332 -762
995 -835
-599 -162
-75 -538
915 -485
-475 393
673 -286
401 -819
630 -190
811 -32
66 -171
-107 606
911 36
783 668
-224 843
424 -247
-735 127
-68 -289
861 -921
-339 2
143 -141
-894 160
-34 922
-56 -216
525 421
-823 -150
-367 627
433 138
57 -204
521 -837
975 -530
-234 531
896 712
-282 545
966 51
805 -39
-518 27
-342 416
-44 713
-437 109
-552 -551
498 -766
153 -665
168 -496
291 309
-546 677
-176 -42
93 797
-675 660
-679 -648
166 -451
86 886
-671 -353
-66 -780
92 404
-441 -506
795 -54
-349 810
-757 -901
-365 -653
-963 -252
501 -936
-826 5
304 -732
-682 582
505 -714
742 621
329 280
367 382
-659 242
-757 522
532 411
-853 326
751 417
452 731
-905 -634
-584 235
31 997
541 818
298 -245
141 802
-634 -576
183 -206
-896 -118
105 -134
488 -819
-776 529
-633 406
283 -562
777 50
-679 816
-948 -720
-511 -634
63 385
-177 -837
102 -813
694 34
588 191
457 637
562 39
962 290
-421 346
-268 -760
-724 -514
-706 -923
-183 514
-330 969
-42 -545
61 218
-871 -596
665 355
-938 871
1 -367
-395 730
648 -657
-278 -113
216 -792
-647 77
555 -222
637 -855
420 -227
6 481
-59 -760
-447 687
408 32
552 -773
-197 937
-811 548
-374 -388
924 -258
3 724
320 -407
-489 281
171 -798
-363 171
437 -536
-701 483
595 637
262 468
-234 -999
-160 -417
-462 -99
-838 -906
-757 -772
-335 431
737 229
-730 -753
-986 32
-905 915
19 -276
-922 653
-755 -382
-524 990
2 -280
701 -939
209 483
873 590
655 491
614 -423
-27 -550
577 -936
143 -21
500 102
-274 -548
637 592
-480 -532
183 -570
-184 -889
-648 433
253 614
967 -480
-61 276
904 21
834 -350
-341 -26
-143 330
50 932
291 -666
129 68
458 659
-458 942
660 -638
-931 -195
-796 694
-978 382
-209 200
-242 -511
-944 998
780 672
-589 579
424 -824
860 868
-602 -368
-988 -495
-244 167
628 331
-791 -580
188 216
-550 -228
282 743
-117 -582
-29 493
809 -850
70 825
-335 167
-597 -931
-917 -538
-300 83
846 206
811 350
363 -772
500 -426
873 290
-250 382
-769 -4
462 497
133 -910
-197 -712
-250 -173
-1 907
-632 196
139 77
-984 99
-117 -431
-511 714
138 378
-132 235
6 -3
-557 -466
-482 82
425 213
-736 -306
43 -344
-434 -303
-74 676
-378 60
723 -285
286 121
660 -650
-105 -100
-461 -296
407 46
-589 331
80 -254
896 -22
600 -706
793 -615
591 -519
-858 349
-570 965
917 577
765 571
485 867
-938 -138
734 -423
-309 460
-930 744
635 -456
601 846
517 450
657 367
-920 -486
-646 -711
-999 749
582 -380
-356 58
-323 440
719 -101
-842 -890
117 154
741 181
-243 -193
-642 607
851 -780
695 700
-869 668
624 724
588 -830
-158 -681
354 -936
-643 -294
-613 689
522 536
-408 -4
193 409
-600 -164
-130 -443
-680 865
685 675
-27 -119
-575 -216
-989 845
534 -200
-760 18
31 811
322 442
-737 933
566 309
140 585
-58 57
-578 984
-297 83
899 686
-217 -946
-591 -871
-159 872
473 481
-577 -152
-288 -848
-655 589
-705 -122
-160 400
573 791
505 150
473 -587
554 977
-592 506
-212 337
-507 -444
201 651
-418 -565
-537 778
-402 871
-600 490
777 160
-113 485
-714 -879
-855 110
137 109
-516 -119
57 -176
511 719
-772 330
-707 815
96 772
387 689
-211 617
882 -823
-272 -393
731 454
428 167
-333 -322
-169 57
-802 304
-252 689
867 209
226 -97
-427 -655
687 -29
-435 -959
-430 572
-909 454
863 -576
-422 -836
-644 283
994 -31
-304 -929
205 206
-705 -425
-742 -635
-392 -351
-884 601
626 -237
-231 -966
914 -421
-733 -816
812 -79
-603 709
930 546
-509 518
140 629
-466 -987
-648 961
-837 317
830 -430
39 -452
334 38
6 962
889 -474
-321 174
933 -280
-188 -514
652 246
839 947
-869 201
-154 427
-888 -449
82 -911
693 81
680 -759
-839 -235
-552 533
473 207
-593 -282
-223 376
-207 -62
969 -409
821 -987
512 -399
592 -503
-229 -145
307 677
-609 -593
-853 -70
-207 198
-633 630
951 -829
-390 -368
894 -883
805 407
-169 -369
-584 280
500 -770
-107 268
-870 385
-677 -1000
-801 636
-839 260
-426 -182
580 -216
-941 592
850 516
-341 610
-333 597
-260 601
-443 690
761 -361
-834 870
805 69
-154 -185
-674 -355
-784 560
-477 472
698 189
-261 -961
-61 -195
-918 260
235 -928
-938 43
228 754
774 753
433 -324
-165 -809
601 -384
-1 -848
-592 -746
799 922
407 204
703 251
661 6
932 -389
-754 201
564 -264
743 457
-7 711
-533 -99
-855 14
800 527
275 981
765 655
-298 -408
-250 459
529 935
-320 -304
-938 951
171 -193
-792 833
27 924
-338 -263
-985 -542
-804 -28
-946 814
999 867
-869 161
-794 25
688 525
292 95
-985 -350
603 -969
-783 -854
261 -243
-443 -985
777 740
589 -795
908 -488
-370 347
-449 -195
902 -680
221 8
-661 709
129 -588
-654 874
-87 -178
564 -463
-287 206
682 -634
194 -7
641 -535
670 -820
-565 -17
-911 -506
-737 782
961 -200
-816 -606
-574 -875
-265 -615
931 479
971 -602
968 -906
-888 -881
-685 198
-483 646
629 847
-973 -490
378 -172
273 -463
465 616
265 -753
-715 909
-618 -501
848 529
-503 -18
-64 50
894 192
921 -546
55 -281
-963 271
273 -519
-60 452
-698 324
-203 943
293 411
993 746
841 275
410 -852
324 222
913 306
626 -220
43 619
-701 130
-600 155
627 485
821 17
837 -651
268 -453
-515 -872
-634 -940
50 -348
673 -492
-253 952
-766 -835
-732 462
-821 -579
-359 -395
-74 700
-458 403
-196 -878
-256 -346
571 681
-356 -883
378 396
400 -577
693 126
208 847
885 -216
560 -427
873 551
-652 -732
142 -632
-45 -179
-472 388
432 722
38 -266
-178 -581
-602 20
-222 616
-114 377
-594 337
198 -540
-253 141
-249 -519
545 958
-151 -524
512 -681
-702 -51
847 339
908 -878
377 -943
779 272
-672 -225
949 170
157 682
602 -956
-954 926
-190 149
-311 349
-541 -257
684 56
429 -158
734 -174
-712 -447
-710 -597
-143 536
618 810
503 856
374 749
538 -1000
763 572
-734 -777
921 -696
110 -367
524 280
-840 992
-525 786
357 -971
213 -161
380 445
431 865
398 -656
-954 -610
-459 -497
132 388
713 -726
908 -564
89 968
347 -361
-329 -813
-777 -773
-286 89
276 -241
-700 112
27 -805
-857 482
-143 30
-83 -868
-425 959
325 -767
474 941
-422 -384
808 -939
-939 471
667 865
-463 132
644 905
434 -810
-3 -754
-620 747
-802 -58
-732 635
945 604
-535 -897
-320 850
-899 -224
-19 -409
-351 373
902 -526
-450 766
-466 595
-555 48
716 374
-10 -861
763 535
485 175
871 -100
633 284
-678 -812
561 687
667 -676
875 319
-22 -957
-88 -909
-961 -315
-292 180
-935 -37
526 685
-216 332
656 -161
631 588
767 244
229 -349
212 -423
388 -375
892 -383
-829 419
410 -529
598 -449
-1000 -148
-523 -558
-285 239
-83 -859
-811 -173
-347 -183
709 -366
131 375
-85 666
867 283
-963 -850
-10 -348
-958 -403
-547 25
944 440
-236 -194
94 881
523 286
-669 78
-22 -351
277 801
413 672
-113 76
815 91
605 171
-558 366
757 -144
73 -971
-254 226
261 -713
-343 669
-914 698
279 960
-789 -359
-847 492
735 -566
626 -208
-527 -670
-813 -387
-152 -709
-477 -393
873 836
-997 532
581 885
507 -983
174 -202
969 -129
314 664
99 -600
-935 248
439 462
71 222
-604 -113
40 -651
791 888
-49 540
307 -1000
624 419
709 428
-255 -692
196 -197
-404 -76
-34 -153
733 -431
508 -591
-588 303
253 569
711 748
638 109
292 477
391 -320
463 294
826 -330
317 272
-471 -825
-643 456
946 -112
-309 -758
-665 216
-978 951
478 153
-608 -990
-532 672
650 -376
-787 -39
148 -542
-790 -478
270 170
878 51
-127 113
104 -459
-213 -736
-923 -428
-456 -697
253 828
331 911
-348 -195
-203 793
785 -791
451 -972
813 972
928 -42
-215 -164
231 -787
68 998
-392 -652
70 756
397 120
92 -778
-222 -942
-760 846
25 -467
594 -878
571 -475
233 801
945 -819
-822 -711
-357 -789
462 798
303 -646
-255 -444
88 937
21 -760
-118 -31
994 156
-825 -494
-126 -957
-673 -782
175 -796
862 361
281 205
827 -755
838 -784
-153 -416
104 -248
-134 -968
449 463
835 190
-105 797
363 -971
-389 -824
675 -770
-98 -965
-770 269
54 -836
70 298
350 153
501 73
-298 372
-702 39
-571 -901
792 19
-887 11
-283 -923
815 225
-239 -577
435 287
-353 656
-542 -609
-719 710
153 -566
-463 -370
589 -406
-383 -110
456 -719
-420 -1
-316 595
-528 -973
-327 -758
-173 -662
-542 110
-634 279
461 -516
-231 915
-772 -775
282 530
435 186
984 490
644 -661
946 320
209 684
-605 240
96 881
23 -248
-276 -161
16 -928
-239 912
-429 551
-108 -55
443 881
-995 -561
41 311
144 920
893 177
-716 880
-139 169
-168 997
810 96
345 216
302 -949
-71 300
307 868
-698 -421
-573 -796
-898 -29
-919 902
655 -495
-325 636
-902 -452
101 400
923 941
54 45
-979 598
-595 774
-112 -692
230 -923
761 -316
209 -820
710 -352
907 -191
840 579
49 996
-292 789
-940 -485
-78 721
-422 884
-879 -438
-762 -92
69 760
-472 413
-273 57
-395 -728
-622 570
315 783
-886 204
-724 -606
-966 -248
927 418
-85 -985
231 61
-395 -785
-971 747
170 357
933 977
-87 -319
993 875
-553 -184
-612 -839
935 -250
-346 -708
-244 -484
525 -38
-349 -541
17 -759
177 -72
-865 -737
-983 357
254 -632
-373 337
-572 205
773 233
54 -198
378 -760
-293 482
-919 -985
-46 -115
-483 477
197 997
-706 -314
708 -195
-996 -126
578 321
721 99
-484 175
-295 55
-226 999
390 842
-39 -135
571 -663
71 -949
-910 15
-98 -394
187 279
561 612
798 -117
-68 787
-273 790
-292 -728
-647 -318
-870 -383
486 159
158 790
-564 185
-563 497
199 -516
251 -489
-759 619
-418 -346
868 544
-856 908
354 -365
284 -746
-227 -903
606 92
-104 379
-285 139
-853 -692
396 669
869 123
-123 -305
109 195
766 -267
-57 72
945 -776
320 -940
-942 825
227 896
-218 -905
-74 428
807 -771
-872 -117
-550 468
72 -437
-280 -879
-751 660
690 301
258 139
-901 -498
832 -141
-728 391
731 -333
-798 -298
517 -813
-928 -629
-713 811
582 -948
-767 -374
-572 723
323 425
269 125
973 -372
-800 -906
-315 -673
-265 451
-585 -937
109 -535
-900 -625
640 877
907 -500
543 753
-293 -457
90 -297
977 -37
-666 716
-103 252
969 514
293 -860
-533 -271
873 587
-765 812
905 -388
-809 -76
-521 -961
-750 -453
-453 -133
496 6
-953 247
-135 -911
586 690
783 667
449 -824
-822 886
-476 728
431 338
-704 76
-917 -120
912 882
-306 165
489 -834
214 -148
747 -563
611 616
472 -791
659 472
82 -108
409 452
473 335
646 -895
998 54
899 -652
558 130
-895 347
-381 -575
181 -941
789 -408
13 -880
852 372
-543 346
937 -413
-683 -895
154 -95
361 109
-569 1
874 -752
701 -700
727 679
-386 964
-589 811
-459 109
-891 203
973 601
364 -940
-440 -723
515 145
-540 -562
-681 -319
73 243
-558 -779
-998 561
-322 -635
-130 544
181 262
-116 -660
-231 -692
-308 -69
-25 -372
430 9
-925 576
905 623
-607 -359
-422 -770
-103 -434
-527 889
751 909
813 -773
382 445
-663 324
-125 993
61 869
349 239
-93 -562
980 301
-372 -152
223 -762
178 315
-14 -891
395 -115
-620 -386
-888 56
-856 250
-606 118
741 -486
-768 -305
-60 -656
-541 945
-462 -362
-798 942
654 665
-812 541
-391 -295
-862 528
473 -613
42 -258
-420 -914
-946 445
387 -976
-354 -363
428 -470
474 325
608 296
767 655
650 -170
685 -939
506 -31
871 982
997 261
-124 628
478 929
-355 848
-637 62
-268 -900
-486 -721
-547 -338
-176 695
-150 -98
358 -448
-870 405
342 634
-19 -736
628 -642
18 174
-92 693
-384 -233
587 186
-860 379
-723 -595
833 -724
8 -262
-280 -877
-175 783
-915 -932
916 -451
919 -380
972 13
-591 370
-138 -584
292 -940
564 781
-801 -989
974 795
-317 -331
-479 -116
653 879
-472 -242
595 -574
-707 -575
-445 406
8 518
-276 671
-883 464
736 84
-375 826
993 -981
-974 408
964 171
-380 555
-79 -459
-904 654
795 105
907 -401
619 366
-822 -112
221 212
-710 683
-603 -686
-41 -342
143 249
589 -298
73 -721
-362 761
391 -352
-754 854
182 644
758 917
-315 -615
-687 305
72 -702
216 564
798 -699
977 594
383 -566
897 -601
-166 -312
-319 -923
-705 230
-145 -755
2 803
683 254
795 672
135 -211
-493 -749
-36 -136
-599 159
845 537
-712 -692
-566 617
-287 -897
926 308
-583 648
-474 -595
429 -939
806 -875
-885 -953
608 -612
-797 -106
973 553
-109 699
-226 -154
-988 -590
767 614
609 -807
517 -340
578 -735
476 -5
-583 930
811 -832
206 34
-484 -83
-927 -946
722 -736
-897 522
-653 -369
975 9
-138 -462
-320 344
575 410
-25 707
804 -955
967 -394
-285 -568
-737 842
725 -824
622 887
-305 -111
-169 410
817 32
476 769
-787 -184
577 962
628 537
-649 149
-23 986
961 420
69 -772
-444 -993
731 416
-183 -989
-46 211
547 -840
437 466
-640 -171
535 548
-961 483
-626 -57
-260 361
-572 -607
485 514
206 -110
773 733
-945 -526
443 495
-737 -468
357 -742
294 237
318 -558
-765 -415
-6 923
260 -253
159 530
-457 -723
-451 -334
428 -590
413 -117
-271 584
-364 277
7 711
592 -362
62 -585
635 -775
326 560
26 -227
759 992
-873 -352
-981 335
-832 227
749 576
-81 -393
423 -164
-974 -82
369 618
997 -84
-513 440
13 435
934 -62
430 6
-516 652
644 551
-956 -440
500 359
226 -953
-448 -501
-336 -744
-314 920
-748 -116
-217 558
-224 321
-721 -32
75 203
-418 734
-528 156
746 355
-174 201
-622 151
-107 -588
432 465
-507 481
842 -809
-919 322
-635 425
477 -372
-414 -259
95 -163
677 964
164 -308
-832 -207
646 -391
-593 -781
10 276
43 341
491 -876
-653 763
914 -390
640 -812
838 231
-822 639
71 57
477 137
61 -519
78 -889
-552 448
397 403
-949 129
267 -393
407 68
-747 -768
-262 -939
-567 -835
787 -494
551 -181
496 -830
-285 902
856 -559
-33 -276
-481 662
-991 829
369 358
-761 -748
-253 531
117 -765
-166 17
881 -92
-705 127
-144 -657
888 -895
839 -300
-306 -353
939 206
759 -593
-920 44
-590 635
-109 987
708 -483
-60 -925
-97 -447
-758 -323
-419 -676
679 712
996 49
65 54
-595 544
513 -24
-164 118
290 -394
-25 954
-527 628
872 -646
-830 -119
-858 -668
-531 -399
587 -58
-57 -786
-677 -328
-866 817
-898 512
-883 419
-619 442
-808 586
-335 215
-644 686
-697 -829
963 -215
-536 -792
-493 -15
822 278
678 447
-558 -245
355 -263
37 722
-325 -173
-730 -261
-21 901
-8 933
-284 822
-140 -336
89 195
606 887
673 -401
-174 -91
151 -401
-166 878
674 -670
590 578
-181 -718
223 -298
888 -558
-910 -962
647 -386
59 968
-622 -75
-346 -45
469 891
-311 436
256 5
848 -180
357 889
396 809
-838 839
-884 961
117 621
517 -913
576 -978
-178 -68
663 -61
-946 165
85 -954
227 949
712 -350
254 125
-955 912
810 -256
-84 -362
537 -487
94 -431
-41 -972
368 889
609 41
940 -602
457 -173
-30 -40
705 586
-729 937
-395 185
-720 558
779 -630
85 -867
-127 -245
517 49
756 -637
-112 -822
-932 -42
-40 -312
-352 -559
-102 -235
246 484
-159 -725
-276 -204
-724 -815
435 -776
762 -750
-570 -410
-56 537
-832 551
-242 -716
700 -462
874 -483
-993 793
-488 -35
894 277
75 184
921 900
-159 -863
-475 -852
276 87
831 -45
-572 -620
-936 466
227 -889
849 401
722 44
-529 -705
719 -206
544 -839
-547 -68
87 466
-185 247
416 -791
82 -219
-568 448
285 364
-621 -664
-982 -657
145 -878
889 -848
-446 547
-718 -607
-891 -157
418 179
-395 -96
60 -495
-402 655
372 621
509 -870
389 -701
-240 -296
970 -541
-10 70
-271 514
337 -537
129 -804
-497 -834
99 673
-372 -402
-449 -780
-735 260
802 444
331 -817
668 -404
867 211
-214 -78
-573 814
1000 990
576 -451
-583 323
847 -681
-400 -327
391 -998
67 980
-473 -596
-317 -839
-742 452
34 357
699 390
-356 -498
626 -920
-807 875
-253 -490
-323 -754
357 -885
646 -741
-259 252
833 787
-432 -709
978 497
-12 864
176 -311
863 775
-358 -713
-445 424
-279 408
-313 613
166 -629
494 -1
505 601
313 -679
452 674
-548 -920
999 -939
680 703
-498 149
93 966
717 -577
-417 -598
-240 -292
355 55
-137 -726
-363 96
980 -625
-610 378
-250 223
-237 -265
-359 -417
-863 -882
-421 -533
-293 424
617 -106
-367 -622
667 -191
-259 -752
979 426
141 850
-179 766
801 -842
298 664
936 984
-375 -370
253 974
-853 751
-676 -248
-972 -823
-612 -217
-489 689
178 -158
501 458
-866 25
-142 -369
-955 644
422 -142
-140 -799
-875 562
890 764
-887 -137
570 -855
-194 -383
235 450
433 799
89 750
-421 -986
-727 455
726 -612
-962 -256
275 -258
-106 -584
163 -548
-846 -825
-441 -752
245 -77
790 216
-362 797
701 32
-518 388
-347 958
-662 368
643 -738
455 675
-716 139
654 -318
-662 -154
944 -762
-429 173
817 394
17 642
-656 -280
797 -348
-591 350
243 920
347 -900
121 -646
178 203
295 472
444 -708
-668 -693
-83 571
820 889
301 -865
-462 216
-629 929
597 -906
-32 -504
913 -219
-624 -718
597 -685
-485 284
-434 89
988 -416
-621 -448
-971 -974
136 476
390 793
-289 718
-481 -808
221 -74
317 657
173 337
985 835
-314 283
829 197
188 -369
833 391
-154 984
-479 -64
298 -440
-812 4
-922 350
345 -879
398 -470
87 -206
826 -842
-659 983
-689 -784
-465 -272
836 -125
44 63
982 220
-554 258
978 -807
-112 949
55 -208
-249 200
44 -792
-625 994
-922 -45
-863 757
768 -32
41 -890
845 402
623 177
-911 223
83 179
-272 -371
392 -795
-752 -485
-431 122
-726 972
85 387
260 445
257 3
-887 617
532 101
791 919
610 340
-867 -579
16 -617
-21 -113
115 63
-157 -966
-466 -545
-100 -330
178 793
-728 -645
-20 759
555 820
458 -968
174 -795
857 587
734 -730
184 796
832 -515
-562 595
-149 -354
-930 -534
-45 771
757 429
294 576
-826 958
308 -81
971 682
323 -336
-448 82
-970 -856
574 -112
584 401
330 -127
416 -812
-676 -663
-197 270
-120 -680
-510 262
450 563
817 -306
676 190
607 493
-352 337
-299 587
490 687
-90 -707
-136 221
99 945
-672 -50
678 844
746 200
970 -541
-123 -573
-803 -516
923 296
-625 -644
440 518
-615 726
302 210
-701 -314
-959 -872
-72 -262
100 -119
137 -146
330 463
428 -15
-876 -907
68 852
951 -355
-221 -287
919 -402
495 -455
-374 471
778 725
371 123
-671 794
175 369
772 893
812 -697
972 -81
106 -72
780 -274
647 -175
966 -199
-981 -198
786 209
537 689
187 825
-183 884
-199 -693
203 -653
-753 589
872 -17
563 5
486 -187
867 390
392 -664
-620 -665
670 84
343 890
78 559
111 -866
924 336
-839 -441
-530 83
-505 -370
94 835
-438 -686
460 -846
965 -443
-182 963
59 309
-162 -308
-234 976
-546 -525
405 394
-510 474
-737 -659
947 -629
-780 367
-501 537
-838 299
-484 681
-47 -510
901 -149
-151 880
155 465
54 -355
253 -885
273 366
428 624
240 -579
179 -807
-315 -857
563 43
-4 -462
-45 -200
-686 93
960 -2
208 167
568 -125
-158 -858
-192 422
-482 40
-372 523
-351 -954
477 579
-251 792
-440 827
932 -842
-630 -728
-483 289
231 -354
45 660
574 77
-311 214
-613 -914
-773 423
309 966
-353 -853
696 -565
263 507
600 -840
104 893
-76 -529
-337 -58
-21 -491
113 -257
893 473
108 649
762 250
-113 154
713 -563
-523 617
-500 838
880 312
421 -661
582 -183
-162 -907
-321 -891
-571 -92
-666 -942
-581 -647
-668 383
243 155
-52 420
731 123
-68 127
263 372
-926 539
-674 852
976 -662
-32 -480
848 43
981 -976
-647 338
291 -789
14 -54
254 369
488 -824
-128 -565
-874 -874
259 149
-84 898
283 -820
136 685
229 -25
86 -308
-713 -816
-754 307
-356 392
56 94
-2 -264
380 552
707 -504
-191 950
-140 774
108 -769
142 891
-948 -130
-433 246
-433 338
-441 457
716 -185
685 848
-346 977
-791 -596
-582 -363
-848 -315
413 278
684 -719
368 958
818 958
45 498
356 -995
668 -684
648 -48
193 41
389 -847
-256 363
472 148
986 -827
-128 -618
797 -587
801 -483
-145 -991
751 -177
-691 -392
-485 599
-164 -192
-404 -902
-432 -9
-480 -245
-589 715
486 943
-45 589
485 -609
-445 962
364 857
-881 280
240 -681
78 -561
-998 -663
-770 -715
974 142
117 -328
357 863
705 -959
-460 -27
387 228
-875 654
196 300
605 90
208 963
138 424
-854 664
451 932
104 465
