100
-900 120
881 54
623 -323
107 600
986 551
618 -770
-929 -271
-921 141
-173 618
863 906
685 241
546 -557
-717 250
-417 36
822 -743
-527 -864
414 459
-152 447
-523 122
302 256
-152 358
91 -851
-328 447
-529 -538
684 -881
174 264
-244 28
-572 618
591 839
581 415
-583 -901
484 -667
325 11
-498 260
486 -144
-624 997
-774 410
-187 -462
133 -197
-527 445
-798 -10
551 -732
-24 -59
859 -594
-607 -862
331 43
320 -622
524 480
812 317
-378 -191
-884 914
-774 -238
-588 99
596 -864
-293 848
-722 -384
725 -362
-612 -282
775 -686
976 476
-727 777
161 222
418 -125
-800 -226
22 751
-100 701
-573 252
584 -580
-993 -334
963 96
96 503
265 373
547 765
-246 -255
-343 -811
-751 894
-828 805
766 -188
365 -481
-393 484
-578 566
-766 -869
-720 -863
305 385
-959 -99
-854 994
169 487
-898 693
384 -942
-654 186
-799 948
-859 786
925 -711
883 654
-192 224
-643 -732
-979 923
522 -735
942 -940
978 910
