1000
347 244
804 763
490 -257
-313 30
-684 -525
-420 -418
-8 64
107 -356
937 442
439 505
-175 969
264 -928
-899 463
-104 -791
-732 -726
656 433
-792 203
-36 -539
-973 762
914 484
954 -739
-755 -164
-418 511
732 -113
-914 510
-34 -625
-947 -50
-933 -805
-206 187
-251 -441
453 -593
-687 860
323 -310
-604 -621
255 -868
-480 -648
712 295
-658 188
-59 -504
78 63
905 -75
-314 247
-755 -888
-975 -172
937 -28
-621 -161
-896 -705
469 -781
-426 938
485 256
-579 -735
-776 290
-925 -231
-919 512
-667 764
14 66
192 346
263 -860
-600 889
487 -535
669 699
163 -193
-394 -955
-542 651
-494 482
-777 -673
-557 776
797 21
-26 -28
218 -195
409 859
353 388
-784 -955
-427 -806
-548 565
831 614
-997 -983
-685 -330
-508 302
-847 847
-573 690
-82 52
-649 -40
655 642
995 -541
925 -808
-972 -607
358 -576
-569 795
-92 -682
-735 -282
11 -157
-747 -178
472 -838
-640 958
-854 -554
88 -259
737 155
137 -437
6 85
-281 -757
-10 -941
-260 -582
38 -125
237 -288
256 998
-956 -599
829 173
554 833
588 334
437 -442
300 264
794 -615
-90 -274
472 -415
-447 -702
812 191
263 -598
574 -116
-605 905
284 -416
-7 450
-345 717
970 10
647 -475
724 177
324 539
-102 -825
393 809
-440 582
-5 -76
-580 694
-968 -361
-387 652
124 437
226 983
-262 -558
78 -256
438 -535
-742 696
-454 606
12 262
444 -481
-385 719
-438 391
-298 -185
-648 773
-946 126
364 856
-144 786
-292 -587
-938 -577
-977 953
580 440
233 -367
121 -242
-402 301
444 -1000
-96 -277
802 584
185 -942
-136 -787
517 -162
-704 606
-486 801
-765 630
-656 45
-510 -467
481 -582
448 457
-523 -171
-432 -887
-325 -308
316 -125
-955 133
-475 19
-956 -542
-701 134
-999 -528
-719 681
-143 -486
204 600
263 -863
-896 879
-278 -721
-791 54
572 -594
-379 -289
823 259
-341 380
609 -229
274 -809
-613 193
914 357
-109 -620
83 -799
135 -845
605 -564
144 284
272 -134
-429 541
438 -851
-289 -881
-457 404
722 -205
72 -39
368 780
-585 -609
559 -698
829 -611
342 258
-406 808
531 208
-731 94
568 -838
637 749
38 866
-779 866
36 332
-431 -362
404 932
220 -61
527 -321
580 -304
852 883
767 -370
253 -249
779 126
461 -589
626 -899
828 678
63 488
-613 -773
-913 -795
-455 928
421 -511
618 672
-637 -581
-555 -257
825 0
-785 -9
-387 -482
882 -657
258 -484
-709 248
-518 -45
-643 -88
-591 619
328 703
381 -879
124 -773
-292 -826
-214 -958
-681 -824
832 -365
-498 858
-259 -166
574 -159
-129 -561
-13 452
293 816
950 -462
561 276
-401 233
-203 663
-182 -450
-293 -636
17 945
363 -992
109 737
52 -96
834 -712
-881 893
-990 829
634 284
-591 258
-230 371
856 734
-461 -103
-250 -486
851 265
-472 -726
-762 -730
-581 -946
491 501
321 -914
-877 461
-790 614
-238 568
196 972
577 -525
-237 -256
-163 -916
-949 -862
141 622
691 463
883 757
897 82
821 627
-943 -559
365 961
-645 -993
-672 -627
722 -291
389 34
640 29
-201 632
-724 500
99 558
142 298
-315 -735
482 747
-490 392
-404 97
527 885
-412 108
-755 -386
922 -480
717 -181
-139 -159
-211 303
-238 -285
333 -446
-375 -746
-48 -756
34 -682
524 -745
468 -122
12 -731
691 349
694 713
99 -694
-363 -868
-203 86
-706 -519
-767 -485
110 421
701 -532
-715 -634
-850 466
-72 -893
58 970
235 299
-87 19
-802 185
311 94
-456 -507
474 -903
-762 -708
-345 -759
-231 592
156 -916
496 146
958 -379
395 152
746 -555
435 979
-8 78
-699 42
-679 0
243 -146
81 -768
648 -917
700 467
561 857
501 711
-213 -403
-412 802
-814 982
893 508
637 401
-891 469
697 -503
-202 -675
928 538
48 902
-562 783
767 -299
479 903
718 -168
-257 863
-716 -737
66 242
-656 -900
17 -496
327 -257
-191 -621
-379 -474
681 362
395 -637
-328 -689
-815 -857
299 -341
828 -474
909 -966
-514 -215
396 995
-620 12
597 476
-138 723
-543 -940
218 -7
126 780
-905 975
771 -94
-766 -373
-230 -374
-963 -450
28 -593
224 -963
-890 680
147 -130
135 -646
-198 -40
880 318
618 607
941 983
605 206
839 -613
-15 883
913 -792
-179 575
733 -863
-518 -137
-936 -406
-832 -40
98 -735
-920 -903
118 546
249 -956
-894 -716
647 672
-704 -80
287 16
-27 -570
893 -899
433 545
408 -643
-714 -648
137 -646
-918 -590
369 -814
826 293
259 431
-10 465
-458 -813
-594 -112
437 -401
-23 -535
834 869
112 -451
945 269
667 198
221 234
-582 790
-284 -55
-998 -71
84 -584
308 495
686 870
947 612
226 655
-622 220
-732 654
104 -348
-150 789
-607 48
-719 40
-66 -989
775 818
-254 -620
-114 365
131 547
725 676
-460 -754
-568 591
908 992
-142 -268
-348 568
722 235
-679 -452
910 367
947 -271
-20 -255
-405 -984
898 240
215 806
-805 -693
474 989
524 951
73 784
106 454
344 -416
-393 -664
-818 953
401 930
-201 985
-367 797
-130 85
884 974
-525 -890
370 277
214 611
608 -351
-888 -689
-151 625
-723 -185
31 -244
341 234
237 -887
-787 230
-210 -876
-148 627
677 35
-616 674
774 -130
101 -991
221 912
-658 58
-351 126
517 910
-304 -628
19 -783
-461 515
766 -86
477 -809
115 -317
-833 -246
-781 -591
-22 187
199 264
852 614
523 707
-927 -468
-931 411
34 315
-851 -549
-990 709
947 868
331 137
-298 897
-643 -125
-307 944
-721 981
-122 47
611 422
582 -311
969 156
38 993
174 835
179 -556
-726 -812
876 390
-445 -94
-250 214
128 769
-868 -836
-982 782
-451 -69
632 -721
975 -296
342 -662
-188 -603
-18 959
-651 -773
-881 273
793 420
875 419
-535 454
-910 -132
877 21
-239 -279
-394 333
215 37
571 -103
809 111
-199 2
-840 -674
656 -121
-138 -519
-413 886
825 366
14 718
461 102
707 -72
508 -408
-500 563
168 -6
-807 777
-429 -227
753 297
-321 441
837 -412
829 273
316 798
399 761
-405 810
-418 -97
381 926
876 307
-828 -160
-814 -566
344 -808
565 849
834 926
-897 -863
-889 -813
856 465
818 -871
-555 -474
518 -507
-979 -57
-130 -807
2 -21
937 -946
-859 -559
607 -543
-396 -330
-249 -796
730 348
835 602
-773 592
513 54
407 121
-851 -769
-565 937
-35 -200
547 590
881 -460
-780 -992
919 -732
-491 -155
-294 205
572 -338
-14 -648
-16 -772
803 -159
-917 569
-99 490
-896 -305
-637 -813
-94 -961
-551 109
-981 642
-768 673
19 828
-744 -141
-599 -651
785 -335
-704 175
-523 548
-928 147
324 834
-710 425
499 607
158 -881
379 -238
-223 -64
-253 -641
635 -624
14 374
-853 -901
309 435
296 275
-195 -687
566 -628
-310 547
164 683
62 950
507 -160
474 -385
194 151
-156 -510
-630 231
652 495
884 407
520 -509
-462 -320
-29 301
41 -172
262 -130
-754 249
-695 -957
334 -627
-282 -156
440 -391
321 -509
369 -940
-992 -54
-172 -138
475 517
-400 -772
998 814
150 885
-806 -872
235 -706
-2 4
196 -149
-532 -221
-249 967
355 92
-786 665
-421 723
99 -250
-10 -604
633 -538
256 -87
782 -661
-535 -558
-383 176
1000 -74
-531 -985
-230 -944
-338 -373
-930 -110
289 289
963 -677
-697 -925
961 -794
79 264
401 -588
953 -418
582 962
192 984
458 -767
-598 666
496 677
781 -805
-642 -851
-833 -499
-472 745
-683 -450
933 -299
-688 -58
287 606
-428 617
-509 255
133 81
246 -227
-199 131
-327 -335
-318 -1
808 -701
23 -798
784 936
-182 -150
-154 452
433 99
-854 127
-396 893
-76 -741
188 -301
-762 75
440 -688
449 921
482 140
-117 767
-637 7
-260 278
-213 489
352 53
-365 -224
524 38
-494 80
-84 838
334 -791
430 -496
593 -960
-428 -686
-447 635
-11 -145
-481 -181
-515 556
858 337
529 320
-651 -941
-600 -853
138 915
31 872
-397 -42
-434 712
-159 -445
447 338
776 68
-717 826
-860 -331
-856 -630
110 -793
-652 -239
977 -72
-714 49
578 -124
689 -556
-557 503
-537 448
-88 800
691 756
-12 -523
156 -264
-878 -211
-322 679
-462 700
976 361
-669 -889
-979 -105
-862 409
600 -730
716 -969
280 -629
-755 -592
882 123
249 438
57 -133
777 440
257 -881
995 -292
-124 580
570 -408
987 -33
-907 -996
266 -784
-795 -500
857 -82
-550 -892
-721 -993
-928 -35
984 660
-216 13
-303 -144
845 347
-153 492
580 926
-26 -425
38 716
-943 458
-187 -81
541 290
-91 268
409 262
-452 312
-11 635
246 733
-932 121
959 -866
549 222
423 -452
485 -641
-857 808
-224 865
-887 -171
-312 -942
-120 835
-496 -276
684 947
17 84
-303 479
973 -136
336 80
926 239
840 -26
803 -649
950 549
750 -385
-703 -917
436 65
-802 717
68 -913
453 123
-614 -892
177 -732
-537 791
424 771
-521 940
-675 511
-14 -77
995 34
724 263
477 -777
352 630
2 78
756 444
-894 63
447 -656
524 575
-536 -716
524 958
924 -305
878 -58
-459 499
-639 -702
108 -176
571 630
691 -924
-966 300
913 480
226 566
-985 -96
795 214
-750 645
502 476
310 368
-572 86
-284 -593
-277 781
310 130
-617 -498
87 600
525 -573
-50 -480
852 311
-665 982
-832 806
-345 660
-586 614
-307 -238
280 -862
-4 -688
-660 -689
111 677
-461 -717
-77 766
424 -969
-911 700
220 41
-376 856
-427 332
733 -761
-558 -242
211 627
-754 21
142 -458
204 845
-340 -512
869 -270
533 517
-140 -61
-271 -520
938 18
-680 -661
-132 -901
73 -706
299 722
658 125
347 796
813 -744
-465 -233
-875 462
-17 -592
-182 35
491 -403
-311 -636
584 223
485 -14
451 -372
-913 -873
-830 -972
979 -415
-956 799
-560 273
-565 -772
801 -622
283 420
600 -146
900 293
599 845
702 928
-378 925
43 67
-268 -824
972 331
-223 258
745 -666
32 -56
-174 -608
829 -521
-745 -995
661 -456
876 468
-457 646
-850 -175
360 -2
-554 645
754 -257
840 563
-695 533
-59 -581
-129 -292
-137 -908
640 417
946 977
-137 -144
691 401
817 184
-645 591
-418 844
322 -231
-99 -940
466 209
331 -458
-378 -901
