Final Convex Hull Points:
35
902043 -1000000
947148 -999996
983803 -999986
987680 -999931
993950 -999806
999723 -999050
999889 -997906
999983 -964553
999994 -953575
999999 -800362
1000000 -176475
1000000 226455
999998 996883
999962 999991
963443 999995
880629 999999
469094 1000000
9691 1000000
-720047 999999
-920876 999996
-979493 999984
-989761 999977
-998871 999813
-999861 997713
-999960 995563
-999985 964634
-999988 932155
-999997 724326
-999999 598960
-1000000 405313
-1000000 -999332
-998976 -999820
-996497 -999983
-959839 -999995
-881309 -1000000
Time taken for parallel computation:- 1.561856
